t,Result
0,0
0.5,1.61689555381e-11
1,6.00785013274e-09
1.5,1.33978259886e-07
2,9.99388415857e-07
2.5,4.14799718606e-06
3,1.20704662293e-05
3.5,2.78982758863e-05
4,5.51227593679e-05
4.5,9.75004950418e-05
5,0.000159179462881
5.5,0.000245081233063
6,0.000361582552161
6.5,0.000517483064967
7,0.000725144802596
7.5,0.00100159320966
8,0.00136933189624
8.5,0.00185665306689
9,0.00249731375015
9.5,0.00332956304651
10,0.00439461585044
10.5,0.00573474958992
11,0.00739124069273
11.5,0.00940235691188
12,0.0118015889237
12.5,0.0146162523335
13,0.0178665321046
13.5,0.021564985791
14,0.0257164765888
14.5,0.0303184753464
15,0.0353616525912
15.5,0.0408306756511
16,0.0467051293308
16.5,0.052960488291
17,0.0595690824577
17.5,0.0665010111349
18,0.0737249753267
18.5,0.0812090100218
19,0.0889211082794
19.5,0.0968297367391
20,0.104904247743
20.5,0.113115196893
21,0.12143457692
21.5,0.129835979537
22,0.138294696914
22.5,0.146787773708
23,0.155294019572
23.5,0.163793990854
24,0.172269948939
24.5,0.180705801463
25,0.189087031505
25.5,0.197400618868
26,0.205634956693
26.5,0.21377976591
27,0.221826009449
27.5,0.229765807617
28,0.237592355672
28.5,0.245299844316
29,0.252883383568
29.5,0.260338930327
30,0.267663219765
30.5,0.274853700607
31,0.281908474269
31.5,0.28882623778
32,0.295606230365
32.5,0.302248183563
33,0.308752274705
33.5,0.315119083603
34,0.321349552282
34.5,0.327444947579
35,0.333406826451
35.5,0.339237003835
36,0.344937522899
36.5,0.350510627534
37,0.355958736959
37.5,0.361284422289
38,0.366490384946
38.5,0.371579436792
39,0.376554481865
39.5,0.381418499615
40,0.386174529538
40.5,0.390825657109
41,0.395375000923
41.5,0.399825700969
42,0.404180907943
42.5,0.408443773534
43,0.412617441622
43.5,0.416705040292
44,0.420709674648
44.5,0.424634420323
45,0.428482317666
45.5,0.43225636654
46,0.435959521684
46.5,0.439594688604
47,0.443164719944
47.5,0.446672412302
48,0.450120503458
48.5,0.453511669976
49,0.456848525161
49.5,0.460133617322
50,0.463369428339
50.5,0.466558372492
51,0.469702795538
51.5,0.472804974013
52,0.475867114738
52.5,0.478891354516
53,0.481879759994
53.5,0.484834327692
54,0.487756984161
54.5,0.490649586284
55,0.493513921681
55.5,0.496351709234
56,0.499164599695
56.5,0.501954176394
57,0.504721956014
57.5,0.507469389448
58,0.510197862708
58.5,0.512908697903
59,0.515603154255
59.5,0.518282429177
60,0.520947659372
60.5,0.523599921983
61,0.526240235769
61.5,0.528869562304
62,0.531488807208
62.5,0.53409882139
63,0.536700402316
63.5,0.539294295284
64,0.541881194717
64.5,0.544461745461
65,0.547036544094
65.5,0.549606140234
66,0.552171037858
66.5,0.554731696616
67,0.557288533147
67.5,0.559841922394
68,0.562392198914
68.5,0.564939658183
69,0.567484557901
69.5,0.570027119277
70,0.572567528323
70.5,0.575105937122
71,0.577642465099
71.5,0.58017720027
72,0.582710200491
72.5,0.58524149468
73,0.587771084038
73.5,0.590298943251
74,0.59282502167
74.5,0.595349244489
75,0.597871513896
75.5,0.600391710209
76,0.602909692998
76.5,0.605425302185
77,0.607938359132
77.5,0.610448667698
78,0.612956015289
78.5,0.61546017388
79,0.617960901025
79.5,0.620457940833
80,0.62295102494
80.5,0.625439873444
81,0.62792419583
81.5,0.630403691868
82,0.63287805249
82.5,0.635346960643
83,0.637810092126
83.5,0.640267116395
84,0.642717697356
84.5,0.645161494127
85,0.647598161778
85.5,0.650027352058
86,0.652448714086
86.5,0.654861895025
87,0.657266540737
87.5,0.659662296411
88,0.662048807168
88.5,0.664425718644
89,0.666792677555
89.5,0.669149332232
90,0.671495333142
90.5,0.673830333381
91,0.676153989148
91.5,0.678465960196
92,0.680765910268
92.5,0.6830535075
93,0.685328424814
93.5,0.687590340287
94,0.6898389375
94.5,0.692073905863
95,0.694294940928
95.5,0.696501744682
96,0.698694025809
96.5,0.700871499952
97,0.703033889945
97.5,0.705180926027
98,0.707312346046
98.5,0.709427895641
99,0.711527328406
99.5,0.713610406042
100,0.715676898492
100.5,0.717726584059
101,0.719759249512
101.5,0.721774690174
102,0.723772709999
102.5,0.725753121633
103,0.727715746466
103.5,0.729660414667
104,0.731586965207
104.5,0.733495245872
105,0.735385113266
105.5,0.737256432797
106,0.739109078662
106.5,0.74094293381
107,0.742757889906
107.5,0.744553847279
108,0.746330714864
108.5,0.748088410136
109,0.749826859034
109.5,0.751545995876
110,0.753245763272
110.5,0.754926112028
111,0.756587001037
111.5,0.758228397176
112,0.759850275185
112.5,0.761452617549
113,0.763035414374
113.5,0.764598663252
114,0.766142369129
114.5,0.767666544168
115,0.7691712076
115.5,0.770656385586
116,0.772122111061
116.5,0.773568423587
117,0.774995369196
117.5,0.776403000235
118,0.777791375206
118.5,0.779160558608
119,0.780510620773
119.5,0.781841637706
120,0.783153690916
120.5,0.784446867261
121,0.785721258773
121.5,0.7869769625
122,0.788214080338
122.5,0.789432718865
123,0.790632989179
123.5,0.791815006734
124,0.792978891171
124.5,0.794124766163
125,0.795252759248
125.5,0.796363001671
126,0.797455628223
126.5,0.798530777086
127,0.799588589674
127.5,0.80062921048
128,0.801652786921
128.5,0.80265946919
129,0.803649410108
129.5,0.804622764971
130,0.805579691413
130.5,0.806520349258
131,0.807444900384
131.5,0.80835350858
132,0.809246339417
132.5,0.810123560112
133,0.810985339396
133.5,0.811831847391
134,0.812663255482
134.5,0.813479736192
135,0.814281463072
135.5,0.815068610571
136,0.815841353935
136.5,0.816599869085
137,0.817344332514
137.5,0.818074921183
138,0.818791812411
138.5,0.819495183783
139,0.820185213047
139.5,0.820862078021
140,0.821525956504
140.5,0.822177026183
141,0.822815464548
141.5,0.823441448811
142,0.824055155822
142.5,0.824656761994
143,0.825246443227
143.5,0.825824374831
144,0.826390731464
144.5,0.826945687058
145,0.827489414757
145.5,0.828022086857
146,0.828543874739
146.5,0.82905494882
147,0.829555478494
147.5,0.830045632081
148,0.830525576774
148.5,0.830995478597
149,0.831455502353
149.5,0.831905811585
150,0.832346568536
150.5,0.832777934105
151,0.833200067817
151.5,0.833613127782
152,0.834017270667
152.5,0.834412651663
153,0.834799424457
153.5,0.835177741205
154,0.835547752506
154.5,0.835909607384
155,0.836263453257
155.5,0.836609435927
156,0.836947699556
156.5,0.837278386652
157,0.837601638052
157.5,0.837917592912
158,0.838226388692
158.5,0.838528161146
159,0.838823044317
159.5,0.839111170521
160,0.839392670351
160.5,0.839667672662
161,0.839936304574
161.5,0.840198691466
162,0.840454956977
162.5,0.840705223
163,0.840949609691
163.5,0.841188235462
164,0.841421216989
164.5,0.841648669216
165,0.841870705353
165.5,0.84208743689
166,0.842298973596
166.5,0.842505423531
167,0.842706893048
167.5,0.842903486808
168,0.843095307784
168.5,0.843282457274
169,0.843465034909
169.5,0.843643138664
170,0.843816864873
170.5,0.843986308236
171,0.844151561836
171.5,0.844312717149
172,0.84446986406
172.5,0.844623090875
173,0.844772484334
173.5,0.844918129633
174,0.845060110428
174.5,0.845198508861
175,0.845333405568
175.5,0.845464879699
176,0.845593008934
176.5,0.845717869497
177,0.845839536176
177.5,0.845958082337
178,0.846073579944
178.5,0.846186099573
179,0.846295710433
179.5,0.84640248038
180,0.846506475936
180.5,0.846607762308
181,0.846706403403
181.5,0.84680246185
182,0.846895999014
182.5,0.846987075014
183,0.847075748744
183.5,0.847162077888
184,0.847246118941
184.5,0.847327927224
185,0.8474075569
185.5,0.847485061001
186,0.847560491433
186.5,0.847633899005
187,0.847705333439
187.5,0.847774843393
188,0.847842476475
188.5,0.847908279261
189,0.847972297313
189.5,0.848034575196
190,0.848095156495
190.5,0.848154083833
191,0.848211398885
191.5,0.848267142399
192,0.848321354208
192.5,0.848374073249
193,0.848425337579
193.5,0.84847518439
194,0.848523650027
194.5,0.848570770003
195,0.848616579012
195.5,0.848661110949
196,0.84870439892
196.5,0.848746475264
197,0.848787371559
197.5,0.848827118646
198,0.848865746636
198.5,0.84890328493
199,0.848939762229
199.5,0.848975206551
200,0.849009645242
200.5,0.849043104993
201,0.849075611849
201.5,0.849107191227
202,0.849137867926
202.5,0.849167666141
203,0.849196609476
203.5,0.849224720953
204,0.849252023031
204.5,0.849278537612
205,0.849304286054
205.5,0.849329289186
206,0.849353567317
206.5,0.849377140246
207,0.849400027277
207.5,0.849422247225
208,0.849443818432
208.5,0.849464758774
209,0.849485085672
209.5,0.849504816103
210,0.849523966611
210.5,0.849542553313
211,0.849560591913
211.5,0.849578097709
212,0.849595085604
212.5,0.849611570112
213,0.849627565372
213.5,0.849643085152
214,0.84965814286
214.5,0.849672751552
215,0.84968692394
215.5,0.849700672402
216,0.849714008986
216.5,0.849726945423
217,0.849739493131
217.5,0.849751663221
218,0.849763466511
218.5,0.849774913527
219,0.849786014511
219.5,0.849796779431
220,0.849807217985
220.5,0.849817339607
221,0.849827153478
221.5,0.849836668527
222,0.84984589344
222.5,0.849854836665
223,0.849863506419
223.5,0.849871910695
224,0.849880057262
224.5,0.849887953679
225,0.849895607293
225.5,0.849903025248
226,0.84991021449
226.5,0.849917181772
227,0.849923933657
227.5,0.849930476526
228,0.849936816575
228.5,0.849942959818
229,0.849948912071
229.5,0.849954678899
230,0.849960265493
230.5,0.849965676378
231,0.849970914836
231.5,0.849975981854
232,0.849980874461
232.5,0.849985583434
233,0.849990090688
233.5,0.849994367119
234,0.849998372052
234.5,0.850002055548
235,0.850005364228
235.5,0.850008250147
236,0.850010680803
236.5,0.850012647466
237,0.850014169086
237.5,0.850015290406
238,0.850016074823
238.5,0.850016594284
239,0.850016919194
239.5,0.850017110787
240,0.850017217141
240.5,0.850017272654
241,0.850017299872
241.5,0.850017312399
242,0.850017317808
242.5,0.850017319999
243,0.85001732083
243.5,0.850017321126
244,0.850017321224
244.5,0.850017321255
245,0.850017321264
245.5,0.850017321266
246,0.850017321267
246.5,0.850017321267
247,0.850017321267
247.5,0.850017321267
248,0.850017321267
248.5,0.850017321267
249,0.850017321267
249.5,0.850017321267
250,0.850017321267
250.5,0.850017321267
251,0.850017321267
251.5,0.850017321267
252,0.850017321267
252.5,0.850017321267
253,0.850017321267
253.5,0.850017321267
254,0.850017321267
254.5,0.850017321267
255,0.850017321267
255.5,0.850017321267
256,0.850017321267
256.5,0.850017321267
257,0.850017321267
257.5,0.850017321267
258,0.850017321267
258.5,0.850017321267
259,0.850017321267
259.5,0.850017321267
260,0.850017321267
260.5,0.850017321267
261,0.850017321267
261.5,0.850017321267
262,0.850017321267
262.5,0.850017321267
263,0.850017321267
263.5,0.850017321267
264,0.850017321267
264.5,0.850017321267
265,0.850017321267
265.5,0.850017321267
266,0.850017321267
266.5,0.850017321267
267,0.850017321267
267.5,0.850017321267
268,0.850017321267
268.5,0.850017321267
269,0.850017321267
269.5,0.850017321267
270,0.850017321267
270.5,0.850017321267
271,0.850017321267
271.5,0.850017321267
272,0.850017321267
272.5,0.850017321267
273,0.850017321267
273.5,0.850017321267
274,0.850017321267
274.5,0.850017321267
275,0.850017321267
275.5,0.850017321267
276,0.850017321267
276.5,0.850017321267
277,0.850017321267
277.5,0.850017321267
278,0.850017321267
278.5,0.850017321267
279,0.850017321267
279.5,0.850017321267
280,0.850017321267
280.5,0.850017321267
281,0.850017321267
281.5,0.850017321267
282,0.850017321267
282.5,0.850017321267
283,0.850017321267
283.5,0.850017321267
284,0.850017321267
284.5,0.850017321267
285,0.850017321267
285.5,0.850017321267
286,0.850017321267
286.5,0.850017321267
287,0.850017321267
287.5,0.850017321267
288,0.850017321267
288.5,0.850017321267
289,0.850017321267
289.5,0.850017321267
290,0.850017321267
290.5,0.850017321267
291,0.850017321267
291.5,0.850017321267
292,0.850017321267
292.5,0.850017321267
293,0.850017321267
293.5,0.850017321267
294,0.850017321267
294.5,0.850017321267
295,0.850017321267
295.5,0.850017321267
296,0.850017321267
296.5,0.850017321267
297,0.850017321267
297.5,0.850017321267
298,0.850017321267
298.5,0.850017321267
299,0.850017321267
299.5,0.850017321267
300,0.850017321267
