t,Result
0,0
0.5,1.35681949535e-06
1,1.39126782076e-05
1.5,5.913522163e-05
2,0.000168524856523
2.5,0.000380177711311
3,0.000735613030568
3.5,0.00127741134443
4,0.00204754562038
4.5,0.00308618471078
5,0.00443080292885
5.5,0.00611549700903
6,0.00817047122816
6.5,0.0106216691353
7,0.0134905631581
7.5,0.0167940748911
8,0.0205446251577
8.5,0.0247502887859
9,0.0294150318329
9.5,0.0345390079088
10,0.0401188920801
10.5,0.0461482339497
11,0.0526178151564
11.5,0.0595160001665
12,0.0668290724928
12.5,0.0745415512159
13,0.0826364848429
13.5,0.0910957211595
14,0.09990015289
14.5,0.109029939756
15,0.118464708014
15.5,0.128183728839
16,0.138166077026
16.5,0.148390771561
17,0.158836899521
17.5,0.169483724749
18,0.180310782632
18.5,0.191297962245
19,0.202425576984
19.5,0.21367442479
20,0.225025838906
20.5,0.236461730096
21,0.247964621134
21.5,0.259517674335
22,0.271104712824
22.5,0.282710236183
23,0.294319431072
23.5,0.305918177362
24,0.317493050281
24.5,0.329031319028
25,0.340520942275
25.5,0.351950560929
26,0.363309488524
26.5,0.37458769954
27,0.385775815954
27.5,0.396865092273
28,0.407847399312
28.5,0.4187152069
29,0.429461565744
29.5,0.440080088607
30,0.450564930964
30.5,0.46091077128
31,0.471112791046
31.5,0.481166654671
32,0.49106848934
32.5,0.500814864937
33,0.510402774097
33.5,0.519829612465
34,0.529093159222
34.5,0.538191557932
35,0.547123297753
35.5,0.555887195052
36,0.564482375458
36.5,0.572908256378
37,0.58116453
37.5,0.589251146801
38,0.597168299573
38.5,0.604916407974
39,0.612496103621
39.5,0.619908215714
40,0.627153757208
40.5,0.634233911518
41,0.641150019762
41.5,0.647903568542
42,0.654496178238
42.5,0.66092959183
43,0.667205664224
43.5,0.673326352073
44,0.679293704094
44.5,0.685109851852
45,0.690777001012
45.5,0.696297423041
46,0.701673447351
46.5,0.706907453857
47,0.712001865959
47.5,0.716959143909
48,0.72178177857
48.5,0.72647228554
49,0.731033199633
49.5,0.735467069701
50,0.739776453788
50.5,0.743963914597
51,0.748032015257
51.5,0.751983315381
52,0.755820367408
52.5,0.759545713192
53,0.763161880864
53.5,0.766671381917
54,0.770076708529
54.5,0.773380331103
55,0.776584696012
55.5,0.779692223541
56,0.782705306015
56.5,0.785626306106
57,0.788457555308
57.5,0.791201352559
58,0.79385996303
58.5,0.796435617043
59,0.79893050912
59.5,0.801346797167
60,0.803686601767
60.5,0.805952005588
61,0.808145052889
61.5,0.810267749128
62,0.812322060663
62.5,0.814309914525
63,0.816233198286
63.5,0.818093759989
64,0.819893408151
64.5,0.821633911827
65,0.823317000738
65.5,0.824944365442
66,0.826517657571
66.5,0.828038490096
67,0.829508437648
67.5,0.830929036874
68,0.832301786821
68.5,0.833628149362
69,0.834909549645
69.5,0.836147376567
70,0.837342983277
70.5,0.838497687695
71,0.839612773048
71.5,0.840689488426
72,0.841729049354
72.5,0.842732638366
73,0.843701405599
73.5,0.844636469393
74,0.845538916894
74.5,0.846409804666
75,0.847250159305
75.5,0.848060978059
76,0.848843229441
76.5,0.849597853855
77,0.850325764207
77.5,0.851027846526
78,0.851704960573
78.5,0.852357940455
79,0.852987595228
79.5,0.853594709497
80,0.854180044015
80.5,0.854744336265
81,0.855288301049
81.5,0.855812631058
82,0.856317997442
82.5,0.85680505037
83,0.857274419579
83.5,0.857726714916
84,0.858162526877
84.5,0.858582427127
85,0.858986969016
85.5,0.859376688087
86,0.859752102573
86.5,0.860113713882
87,0.860462007078
87.5,0.860797451343
88,0.861120500441
88.5,0.861431593163
89,0.861731153765
89.5,0.8620195924
90,0.862297305531
90.5,0.862564676345
91,0.862822075153
91.5,0.863069859776
92,0.863308375926
92.5,0.863537957583
93,0.863758927348
93.5,0.863971596804
94,0.864176266853
94.5,0.864373228055
95,0.864562760951
95.5,0.864745136383
96,0.8649206158
96.5,0.865089451561
97,0.865251887225
97.5,0.865408157835
98,0.865558490195
98.5,0.865703103138
99,0.865842207787
99.5,0.865976007807
100,0.866104699651
100.5,0.866228472801
101,0.866347509996
101.5,0.86646198746
102,0.866572075117
102.5,0.866677936806
103,0.866779730483
103.5,0.866877608422
104,0.866971717409
104.5,0.867062198924
105,0.867149189327
105.5,0.867232820033
106,0.867313217678
106.5,0.86739050429
107,0.867464797442
107.5,0.867536210411
108,0.867604852326
108.5,0.867670828311
109,0.867734239629
109.5,0.867795183812
110,0.867853754799
110.5,0.867910043056
111,0.867964135701
111.5,0.868016116627
112,0.868066066608
112.5,0.868114063417
113,0.868160181932
113.5,0.868204494237
114,0.868247069722
114.5,0.868287975184
115,0.868327274916
115.5,0.868365030799
116,0.86840130239
116.5,0.868436147004
117,0.868469619797
117.5,0.868501773845
118,0.868532660219
118.5,0.868562328058
119,0.868590824639
119.5,0.868618195447
120,0.86864448424
120.5,0.868669733113
121,0.868693982556
121.5,0.868717271521
122,0.868739637468
122.5,0.868761116431
123,0.868781743063
123.5,0.868801550692
124,0.868820571367
124.5,0.868838835909
125,0.868856373953
125.5,0.868873213998
126,0.868889383442
126.5,0.868904908631
127,0.86891981489
127.5,0.868934126572
128,0.868947867085
128.5,0.868961058932
129,0.868973723746
129.5,0.868985882319
130,0.868997554638
130.5,0.869008759916
131,0.869019516614
131.5,0.86902984248
132,0.869039754567
132.5,0.869049269267
133,0.86905840233
133.5,0.869067168891
134,0.869075583496
134.5,0.869083660121
135,0.869091412195
135.5,0.86909885262
136,0.869105993794
136.5,0.869112847628
137,0.869119425566
137.5,0.869125738601
138,0.869131797295
138.5,0.869137611794
139,0.869143191845
139.5,0.86914854681
140,0.869153685683
140.5,0.869158617103
141,0.869163349366
141.5,0.869167890442
142,0.869172247987
142.5,0.869176429351
143,0.869180441596
143.5,0.869184291502
144,0.869187985582
144.5,0.869191530089
145,0.869194931029
145.5,0.869198194169
146,0.869201325047
146.5,0.869204328981
147,0.869207211077
147.5,0.869209976238
148,0.869212629172
148.5,0.869215174399
149,0.869217616258
149.5,0.869219958916
150,0.869222206374
150.5,0.869224362472
151,0.869226430898
151.5,0.86922841519
152,0.869230318747
152.5,0.869232144831
153,0.869233896574
153.5,0.869235576981
154,0.869237188939
154.5,0.869238735216
155,0.869240218472
155.5,0.869241641259
156,0.869243006025
156.5,0.869244315123
157,0.869245570809
157.5,0.869246775248
158,0.869247930519
158.5,0.869249038618
159,0.869250101459
159.5,0.86925112088
160,0.869252098644
160.5,0.869253036444
161,0.869253935903
161.5,0.869254798581
162,0.869255625974
162.5,0.869256419516
163,0.869257180585
163.5,0.869257910503
164,0.869258610538
164.5,0.869259281907
165,0.869259925778
165.5,0.869260543271
166,0.869261135462
166.5,0.869261703382
167,0.86926224802
167.5,0.869262770328
168,0.869263271214
168.5,0.869263751555
169,0.869264212189
169.5,0.86926465392
170,0.869265077521
170.5,0.869265483732
171,0.869265873264
171.5,0.869266246799
172,0.86926660499
172.5,0.869266948466
173,0.869267277827
173.5,0.869267593653
174,0.869267896495
174.5,0.869268186887
175,0.869268465337
175.5,0.869268732335
176,0.86926898835
176.5,0.869269233832
177,0.869269469212
177.5,0.869269694904
178,0.869269911305
178.5,0.869270118798
179,0.869270317746
179.5,0.8692705085
180,0.869270691397
180.5,0.869270866758
181,0.869271034894
181.5,0.869271196101
182,0.869271350663
182.5,0.869271498853
183,0.869271640933
183.5,0.869271777153
184,0.86927190775
184.5,0.869272032948
185,0.869272152946
185.5,0.869272267899
186,0.869272377883
186.5,0.869272482839
187,0.869272582492
187.5,0.869272676274
188,0.869272763288
188.5,0.869272842353
189,0.869272912179
189.5,0.86927297164
190,0.869273020092
190.5,0.869273057606
191,0.869273085037
191.5,0.869273103885
192,0.869273116002
192.5,0.869273123267
193,0.869273127318
193.5,0.869273129415
194,0.869273130421
194.5,0.869273130867
195,0.86927313105
195.5,0.86927313112
196,0.869273131144
196.5,0.869273131152
197,0.869273131154
197.5,0.869273131155
198,0.869273131155
198.5,0.869273131155
199,0.869273131155
199.5,0.869273131155
200,0.869273131155
200.5,0.869273131155
201,0.869273131155
201.5,0.869273131155
202,0.869273131155
202.5,0.869273131155
203,0.869273131155
203.5,0.869273131155
204,0.869273131155
204.5,0.869273131155
205,0.869273131155
205.5,0.869273131155
206,0.869273131155
206.5,0.869273131155
207,0.869273131155
207.5,0.869273131155
208,0.869273131155
208.5,0.869273131155
209,0.869273131155
209.5,0.869273131155
210,0.869273131155
210.5,0.869273131155
211,0.869273131155
211.5,0.869273131155
212,0.869273131155
212.5,0.869273131155
213,0.869273131155
213.5,0.869273131155
214,0.869273131155
214.5,0.869273131155
215,0.869273131155
215.5,0.869273131155
216,0.869273131155
216.5,0.869273131155
217,0.869273131155
217.5,0.869273131155
218,0.869273131155
218.5,0.869273131155
219,0.869273131155
219.5,0.869273131155
220,0.869273131155
220.5,0.869273131155
221,0.869273131155
221.5,0.869273131155
222,0.869273131155
222.5,0.869273131155
223,0.869273131155
223.5,0.869273131155
224,0.869273131155
224.5,0.869273131155
225,0.869273131155
225.5,0.869273131155
226,0.869273131155
226.5,0.869273131155
227,0.869273131155
227.5,0.869273131155
228,0.869273131155
228.5,0.869273131155
229,0.869273131155
229.5,0.869273131155
230,0.869273131155
230.5,0.869273131155
231,0.869273131155
231.5,0.869273131155
232,0.869273131155
232.5,0.869273131155
233,0.869273131155
233.5,0.869273131155
234,0.869273131155
234.5,0.869273131155
235,0.869273131155
235.5,0.869273131155
236,0.869273131155
236.5,0.869273131155
237,0.869273131155
237.5,0.869273131155
238,0.869273131155
238.5,0.869273131155
239,0.869273131155
239.5,0.869273131155
240,0.869273131155
240.5,0.869273131155
241,0.869273131155
241.5,0.869273131155
242,0.869273131155
242.5,0.869273131155
243,0.869273131155
243.5,0.869273131155
244,0.869273131155
244.5,0.869273131155
245,0.869273131155
245.5,0.869273131155
246,0.869273131155
246.5,0.869273131155
247,0.869273131155
247.5,0.869273131155
248,0.869273131155
248.5,0.869273131155
249,0.869273131155
249.5,0.869273131155
250,0.869273131155
250.5,0.869273131155
251,0.869273131155
251.5,0.869273131155
252,0.869273131155
252.5,0.869273131155
253,0.869273131155
253.5,0.869273131155
254,0.869273131155
254.5,0.869273131155
255,0.869273131155
255.5,0.869273131155
256,0.869273131155
256.5,0.869273131155
257,0.869273131155
257.5,0.869273131155
258,0.869273131155
258.5,0.869273131155
259,0.869273131155
259.5,0.869273131155
260,0.869273131155
260.5,0.869273131155
261,0.869273131155
261.5,0.869273131155
262,0.869273131155
262.5,0.869273131155
263,0.869273131155
263.5,0.869273131155
264,0.869273131155
264.5,0.869273131155
265,0.869273131155
265.5,0.869273131155
266,0.869273131155
266.5,0.869273131155
267,0.869273131155
267.5,0.869273131155
268,0.869273131155
268.5,0.869273131155
269,0.869273131155
269.5,0.869273131155
270,0.869273131155
270.5,0.869273131155
271,0.869273131155
271.5,0.869273131155
272,0.869273131155
272.5,0.869273131155
273,0.869273131155
273.5,0.869273131155
274,0.869273131155
274.5,0.869273131155
275,0.869273131155
275.5,0.869273131155
276,0.869273131155
276.5,0.869273131155
277,0.869273131155
277.5,0.869273131155
278,0.869273131155
278.5,0.869273131155
279,0.869273131155
279.5,0.869273131155
280,0.869273131155
280.5,0.869273131155
281,0.869273131155
281.5,0.869273131155
282,0.869273131155
282.5,0.869273131155
283,0.869273131155
283.5,0.869273131155
284,0.869273131155
284.5,0.869273131155
285,0.869273131155
285.5,0.869273131155
286,0.869273131155
286.5,0.869273131155
287,0.869273131155
287.5,0.869273131155
288,0.869273131155
288.5,0.869273131155
289,0.869273131155
289.5,0.869273131155
290,0.869273131155
290.5,0.869273131155
291,0.869273131155
291.5,0.869273131155
292,0.869273131155
292.5,0.869273131155
293,0.869273131155
293.5,0.869273131155
294,0.869273131155
294.5,0.869273131155
295,0.869273131155
295.5,0.869273131155
296,0.869273131155
296.5,0.869273131155
297,0.869273131155
297.5,0.869273131155
298,0.869273131155
298.5,0.869273131155
299,0.869273131155
299.5,0.869273131155
300,0.869273131155
