t,Result
0,0
0.5,1.42503981798e-25
1,2.08371476601e-19
1.5,3.58900082373e-16
2,5.08977034132e-14
2.5,1.76542033745e-12
3,2.50754223271e-11
3.5,1.9634467125e-10
4,1.01808630235e-09
4.5,3.94631230778e-09
5,1.24634527603e-08
5.5,3.42004311027e-08
6,8.54919157038e-08
6.5,2.00836516414e-07
7,4.50522691549e-07
7.5,9.69550153534e-07
8,1.99959255087e-06
8.5,3.94327148863e-06
9,7.42705979029e-06
9.5,1.33665252521e-05
10,2.30260826744e-05
10.5,3.80653249364e-05
11,6.05653276095e-05
11.5,9.30307031631e-05
12,0.000138366075785
12.5,0.000199828497794
13,0.000280959688097
13.5,0.000385503574441
14,0.000517315380673
14.5,0.000680268484181
15,0.000878164640366
15.5,0.00111465213635
16,0.00139315520008
16.5,0.00171681672746
17,0.00208845522901
17.5,0.00251053591935
18,0.00298515511696
18.5,0.00351403659257
19,0.00409853818388
19.5,0.00473966685051
20,0.00543810033745
20.5,0.00619421371106
21,0.00700810919312
21.5,0.00787964791815
22,0.00880848245348
22.5,0.00979408913419
23,0.0108357994655
23.5,0.0119328300252
24,0.013084310456
24.5,0.0142893092714
25,0.015546857309
25.5,0.0168559687531
26,0.0182156597189
26.5,0.0196249644449
27,0.0210829491771
27.5,0.0225887238613
28,0.0241414517736
28.5,0.0257403572361
29,0.0273847315674
29.5,0.0290739374216
30,0.0308074116667
30.5,0.0325846669503
31,0.0344052920951
31.5,0.0362689514577
32,0.038175383382
32.5,0.0401243978636
33,0.0421158735404
33.5,0.0441497541102
34,0.0462260442744
34.5,0.0483448052932
35,0.0505061502339
35.5,0.0527102389865
36,0.0549572731114
36.5,0.0572474905807
37,0.0595811604662
37.5,0.0619585776223
38,0.0643800574067
38.5,0.066845930477
39,0.0693565376951
39.5,0.0719122251694
40,0.0745133394586
40.5,0.0771602229583
41,0.0798532094882
41.5,0.0825926200936
42,0.085378759074
42.5,0.0882119102467
43,0.0910923334517
43.5,0.0940202613041
44,0.0969958961943
44.5,0.100019407539
45,0.103090929278
45.5,0.106210557624
46,0.109378349048
46.5,0.112594318507
47,0.115858437909
47.5,0.119170634798
48,0.122530791264
48.5,0.125938743062
49,0.129394278946
49.5,0.132897140182
50,0.136447020269
50.5,0.14004356482
51,0.143686371632
51.5,0.147374990899
52,0.151108925588
52.5,0.154887631955
53,0.158710520196
53.5,0.162576955214
54,0.166486257515
54.5,0.170437704198
55,0.174430530054
55.5,0.178463928743
56,0.182537054066
56.5,0.186649021298
57,0.190798908599
57.5,0.194985758471
58,0.199208579279
58.5,0.203466346806
59,0.207758005856
59.5,0.212082471881
60,0.216438632637
60.5,0.220825349863
61,0.225241460966
61.5,0.229685780731
62,0.234157103019
62.5,0.238654202476
63,0.243175836237
63.5,0.247720745617
64,0.252287657796
64.5,0.256875287487
65,0.261482338582
65.5,0.266107505783
66,0.270749476204
66.5,0.275406930945
67,0.280078546646
67.5,0.284762996995
68,0.289458954219
68.5,0.294165090525
69,0.298880079515
69.5,0.303602597559
70,0.308331325131
70.5,0.313064948098
71,0.317802158979
71.5,0.322541658151
72,0.32728215502
72.5,0.332022369149
73,0.336761031333
73.5,0.341496884644
74,0.34622868542
74.5,0.350955204221
75,0.355675226731
75.5,0.36038755462
76,0.365091006369
76.5,0.369784418038
77,0.374466644005
77.5,0.379136557652
78,0.383793052017
78.5,0.388435040395
79,0.39306145691
79.5,0.397671257037
80,0.402263418086
80.5,0.406836939654
81,0.411390844027
81.5,0.415924176558
82,0.420436005997
82.5,0.424925424792
83,0.429391549353
83.5,0.433833520285
84,0.438250502577
84.5,0.442641685779
85,0.447006284127
85.5,0.451343536649
86,0.455652707242
86.5,0.459933084715
87,0.46418398281
87.5,0.468404740192
88,0.472594720419
88.5,0.476753311878
89,0.480879927714
89.5,0.484974005713
90,0.489035008189
90.5,0.493062421826
91,0.497055757521
91.5,0.501014550192
92,0.504938358577
92.5,0.508826765014
93,0.512679375203
93.5,0.516495817951
94,0.52027574491
94.5,0.524018830292
95,0.527724770576
95.5,0.531393284202
96,0.535024111255
96.5,0.538617013132
97,0.54217177221
97.5,0.545688191493
98,0.549166094261
98.5,0.552605323701
99,0.556005742544
99.5,0.559367232678
100,0.562689694775
100.5,0.565973047894
101,0.569217229094
101.5,0.572422193036
102,0.575587911582
102.5,0.578714373391
103,0.581801583516
103.5,0.584849562995
104,0.587858348442
104.5,0.590827991638
105,0.593758559121
105.5,0.596650131776
106,0.599502804424
106.5,0.602316685416
107,0.605091896222
107.5,0.607828571027
108,0.610526856325
108.5,0.613186910521
109,0.615808903526
109.5,0.618393016367
110,0.620939440786
110.5,0.623448378859
111,0.625920042601
111.5,0.628354653593
112,0.630752442594
112.5,0.633113649178
113,0.635438521355
113.5,0.637727315216
114,0.639980294565
114.5,0.642197730573
115,0.644379901423
115.5,0.646527091973
116,0.648639593409
116.5,0.650717702925
117,0.652761723385
117.5,0.654771963011
118,0.656748735064
118.5,0.658692357538
119,0.660603152858
119.5,0.662481447581
120,0.66432757211
120.5,0.666141860407
121,0.66792464972
121.5,0.669676280307
122,0.671397095175
122.5,0.673087439823
123,0.674747661986
123.5,0.676378111392
124,0.677979139523
124.5,0.679551099383
125,0.681094345269
125.5,0.682609232552
126,0.684096117466
126.5,0.685555356895
127,0.686987308177
127.5,0.688392328903
128,0.689770776732
128.5,0.691123009207
129,0.692449383575
129.5,0.693750256621
130,0.695025984494
130.5,0.696276922557
131,0.697503425223
131.5,0.698705845816
132,0.699884536421
132.5,0.701039847747
133,0.702172128999
133.5,0.703281727749
134,0.704368989811
134.5,0.705434259129
135,0.706477877664
135.5,0.707500185286
136,0.708501519674
136.5,0.709482216217
137,0.710442607923
137.5,0.711383025331
138,0.712303796427
138.5,0.713205246566
139,0.714087698396
139.5,0.714951471789
140,0.71579688377
140.5,0.716624248462
141,0.717433877022
141.5,0.718226077586
142,0.719001155222
142.5,0.719759411876
143,0.720501146336
143.5,0.721226654183
144,0.72193622776
144.5,0.722630156136
145,0.723308725074
145.5,0.723972217003
146,0.724620910995
146.5,0.725255082741
147,0.725875004533
147.5,0.726480945247
148,0.727073170327
148.5,0.727651941776
149,0.728217518149
149.5,0.728770154538
150,0.729310102578
150.5,0.729837610435
151,0.730352922815
151.5,0.730856280958
152,0.731347922645
152.5,0.731828082206
153,0.732296990523
153.5,0.732754875042
154,0.733201959783
154.5,0.733638465355
155,0.734064608963
155.5,0.734480604432
156,0.734886662219
156.5,0.735282989431
157,0.735669789846
157.5,0.736047263934
158,0.736415608875
158.5,0.736775018588
159,0.73712568375
159.5,0.737467791822
160,0.737801527076
160.5,0.738127070619
161,0.738444600425
161.5,0.738754291358
162,0.739056315205
162.5,0.739350840702
163,0.739638033568
163.5,0.739918056534
164,0.740191069372
164.5,0.740457228932
165,0.740716689169
165.5,0.74096960118
166,0.741216113236
166.5,0.741456370812
167,0.741690516624
167.5,0.741918690666
168,0.742141030236
168.5,0.742357669978
169,0.742568741913
169.5,0.742774375475
170,0.742974697546
170.5,0.74316983249
171,0.743359902189
171.5,0.743545026076
172,0.743725321175
172.5,0.743900902131
173,0.744071881248
173.5,0.744238368523
174,0.74440047168
174.5,0.744558296207
175,0.744711945391
175.5,0.744861520349
176,0.745007120066
176.5,0.745148841429
177,0.74528677926
177.5,0.745421026349
178,0.74555167349
178.5,0.745678809515
179,0.745802521324
179.5,0.745922893921
180,0.746040010444
180.5,0.746153952203
181,0.746264798704
181.5,0.746372627689
182,0.746477515164
182.5,0.746579535428
183,0.746678761108
183.5,0.746775263191
184,0.746869111047
184.5,0.746960372468
185,0.747049113692
185.5,0.747135399434
186,0.747219292916
186.5,0.747300855893
187,0.747380148686
187.5,0.747457230205
188,0.747532157982
188.5,0.747604988191
189,0.747675775682
189.5,0.747744574005
190,0.747811435435
190.5,0.747876410999
191,0.747939550502
191.5,0.74800090255
192,0.748060514578
192.5,0.748118432871
193,0.748174702591
193.5,0.748229367797
194,0.748282471472
194.5,0.748334055544
195,0.74838416091
195.5,0.748432827454
196,0.748480094074
196.5,0.748525998701
197,0.748570578321
197.5,0.748613868992
198,0.748655905872
198.5,0.74869672323
199,0.748736354473
199.5,0.748774832161
200,0.748812188029
200.5,0.748848453001
201,0.748883657214
201.5,0.748917830033
202,0.748951000068
202.5,0.748983195192
203,0.74901444256
203.5,0.749044768621
204,0.749074199141
204.5,0.749102759212
205,0.749130473271
205.5,0.749157365119
206,0.749183457927
206.5,0.749208774262
207,0.74923333609
207.5,0.749257164801
208,0.749280281215
208.5,0.7493027056
209,0.749324457683
209.5,0.749345556664
210,0.74936602123
210.5,0.749385869565
211,0.749405119365
211.5,0.749423787848
212,0.749441891766
212.5,0.749459447418
213,0.749476470661
213.5,0.749492976919
214,0.749508981195
214.5,0.749524498082
215,0.749539541773
215.5,0.749554126073
216,0.749568264404
216.5,0.749581969819
217,0.74959525501
217.5,0.749608132318
218,0.74962061374
218.5,0.74963271094
219,0.749644435257
219.5,0.749655797712
220,0.749666809019
220.5,0.749677479589
221,0.749687819543
221.5,0.749697838714
222,0.749707546661
222.5,0.749716952669
223,0.749726065762
223.5,0.749734894707
224,0.749743448021
224.5,0.74975173398
225,0.749759760622
225.5,0.749767535755
226,0.749775066964
226.5,0.749782361615
227,0.749789426863
227.5,0.749796269654
228,0.749802896728
228.5,0.749809314604
229,0.749815529533
229.5,0.749821547336
230,0.749827372999
230.5,0.749833009751
231,0.749838457258
231.5,0.749843708576
232,0.749848745907
232.5,0.749853535989
233,0.749858027166
233.5,0.749862150894
234,0.749865829952
234.5,0.749868993241
235,0.749871593604
235.5,0.749873622473
236,0.749875115397
236.5,0.749876145927
237,0.749876810309
237.5,0.749877208947
238,0.749877430931
238.5,0.749877545401
239,0.74987759997
239.5,0.749877623985
240,0.749877633733
240.5,0.749877637378
241,0.749877638634
241.5,0.749877639033
242,0.749877639149
242.5,0.74987763918
243,0.749877639188
243.5,0.749877639189
244,0.74987763919
244.5,0.74987763919
245,0.74987763919
245.5,0.74987763919
246,0.74987763919
246.5,0.74987763919
247,0.74987763919
247.5,0.74987763919
248,0.74987763919
248.5,0.74987763919
249,0.74987763919
249.5,0.74987763919
250,0.74987763919
250.5,0.74987763919
251,0.74987763919
251.5,0.74987763919
252,0.74987763919
252.5,0.74987763919
253,0.74987763919
253.5,0.74987763919
254,0.74987763919
254.5,0.74987763919
255,0.74987763919
255.5,0.74987763919
256,0.74987763919
256.5,0.74987763919
257,0.74987763919
257.5,0.74987763919
258,0.74987763919
258.5,0.74987763919
259,0.74987763919
259.5,0.74987763919
260,0.74987763919
260.5,0.74987763919
261,0.74987763919
261.5,0.74987763919
262,0.74987763919
262.5,0.74987763919
263,0.74987763919
263.5,0.74987763919
264,0.74987763919
264.5,0.74987763919
265,0.74987763919
265.5,0.74987763919
266,0.74987763919
266.5,0.74987763919
267,0.74987763919
267.5,0.74987763919
268,0.74987763919
268.5,0.74987763919
269,0.74987763919
269.5,0.74987763919
270,0.74987763919
270.5,0.74987763919
271,0.74987763919
271.5,0.74987763919
272,0.74987763919
272.5,0.74987763919
273,0.74987763919
273.5,0.74987763919
274,0.74987763919
274.5,0.74987763919
275,0.74987763919
275.5,0.74987763919
276,0.74987763919
276.5,0.74987763919
277,0.74987763919
277.5,0.74987763919
278,0.74987763919
278.5,0.74987763919
279,0.74987763919
279.5,0.74987763919
280,0.74987763919
280.5,0.74987763919
281,0.74987763919
281.5,0.74987763919
282,0.74987763919
282.5,0.74987763919
283,0.74987763919
283.5,0.74987763919
284,0.74987763919
284.5,0.74987763919
285,0.74987763919
285.5,0.74987763919
286,0.74987763919
286.5,0.74987763919
287,0.74987763919
287.5,0.74987763919
288,0.74987763919
288.5,0.74987763919
289,0.74987763919
289.5,0.74987763919
290,0.74987763919
290.5,0.74987763919
291,0.74987763919
291.5,0.74987763919
292,0.74987763919
292.5,0.74987763919
293,0.74987763919
293.5,0.74987763919
294,0.74987763919
294.5,0.74987763919
295,0.74987763919
295.5,0.74987763919
296,0.74987763919
296.5,0.74987763919
297,0.74987763919
297.5,0.74987763919
298,0.74987763919
298.5,0.74987763919
299,0.74987763919
299.5,0.74987763919
300,0.74987763919
