t,Result
0,0
0.5,1.13804838402e-13
1,4.2496855293e-10
1.5,3.16610434212e-08
2,5.07682120663e-07
2.5,3.63328607697e-06
3,1.59273748696e-05
3.5,5.04469338793e-05
4,0.000127147327408
4.5,0.000271073912031
5,0.000509268394207
5.5,0.000867618163166
6,0.00136857070202
6.5,0.00203012005142
7,0.0028660435236
7.5,0.00388709922097
8,0.00510277611644
8.5,0.00652317375024
9,0.00816064356647
9.5,0.0100309226572
10,0.0121536112128
10.5,0.0145519665456
11,0.0172520909786
11.5,0.0202816653356
12,0.0236684185892
12.5,0.0274385288816
13,0.0316151284461
13.5,0.0362170445434
14,0.0412578603636
14.5,0.0467453323782
15,0.0526811598799
15.5,0.0590610717196
16,0.0658751755163
16.5,0.073108505093
17,0.080741700758
17.5,0.0887517620171
18,0.0971128210939
18.5,0.10579689628
19,0.114774595077
19.5,0.12401574727
20,0.133489956846
20.5,0.143167068726
21,0.15301755162
21.5,0.163012802027
22,0.173125376739
22.5,0.183329162483
23,0.193599491672
23.5,0.203913213092
24,0.214248725714
24.5,0.224585983024
25,0.23490647431
25.5,0.24519318841
26,0.255430564524
26.5,0.265604433859
27,0.27570195513
27.5,0.285711546348
28,0.295622814737
28.5,0.305426486256
29,0.315114335765
29.5,0.324679118659
30,0.33411450452
30.5,0.343415013183
31,0.352575953467
31.5,0.361593364729
32,0.370463961304
32.5,0.379185079855
33,0.387754629603
33.5,0.396171045377
34,0.404433243415
34.5,0.412540579814
35,0.420492811536
35.5,0.428290059859
36,0.435932776174
36.5,0.44342171
37,0.450757879132
37.5,0.457942541799
38,0.464977170738
38.5,0.471863429081
39,0.47860314795
39.5,0.485198305688
40,0.491651008611
40.5,0.497963473211
41,0.504138009723
41.5,0.510177006978
42,0.516082918464
42.5,0.521858249523
43,0.527505545628
43.5,0.533027381644
44,0.538426352051
44.5,0.543705062038
45,0.54886611942
45.5,0.553912127338
46,0.558845677666
46.5,0.563669345104
47,0.568385681891
47.5,0.572997213096
48,0.577506432466
48.5,0.581915798759
49,0.586227732561
49.5,0.590444613519
50,0.594568777985
50.5,0.598602517019
51,0.602548074738
51.5,0.606407646967
52,0.610183380187
52.5,0.61387737073
53,0.617491664225
53.5,0.621028255257
54,0.624489087212
54.5,0.62787605232
55,0.631190991841
55.5,0.634435696402
56,0.637611906467
56.5,0.64072131291
57,0.643765557704
57.5,0.646746234686
58,0.649664890408
58.5,0.652523025053
59,0.655322093406
59.5,0.658063505876
60,0.660748629561
60.5,0.663378789338
61,0.665955268983
61.5,0.668479312313
62,0.670952124336
62.5,0.673374872412
63,0.675748687415
63.5,0.678074664897
64,0.680353866246
64.5,0.682587319832
65,0.684776022143
65.5,0.686920938912
66,0.689023006216
66.5,0.691083131566
67,0.693102194968
67.5,0.695081049966
68,0.697020524661
68.5,0.698921422699
69,0.70078452424
69.5,0.702610586893
70,0.704400346627
70.5,0.706154518656
71,0.707873798287
71.5,0.709558861749
72,0.711210366986
72.5,0.712828954425
73,0.714415247715
73.5,0.715969854432
74,0.717493366767
74.5,0.718986362176
75,0.720449404006
75.5,0.721883042096
76,0.723287813349
76.5,0.724664242283
77,0.726012841548
77.5,0.727334112428
78,0.728628545315
78.5,0.729896620158
79,0.731138806894
79.5,0.732355565856
80,0.733547348156
80.5,0.734714596054
81,0.735857743305
81.5,0.736977215484
82,0.7380734303
82.5,0.739146797886
83,0.740197721078
83.5,0.741226595673
84,0.742233810676
84.5,0.743219748529
85,0.744184785334
85.5,0.74512929105
86,0.746053629689
86.5,0.746958159496
87,0.747843233116
87.5,0.748709197754
88,0.749556395322
88.5,0.750385162579
89,0.751195831258
89.5,0.751988728191
90,0.75276417542
90.5,0.753522490304
91,0.754263985616
91.5,0.754988969641
92,0.755697746255
92.5,0.75639061501
93,0.757067871209
93.5,0.757729805977
94,0.758376706325
94.5,0.759008855212
95,0.759626531604
95.5,0.760230010529
96,0.760819563124
96.5,0.761395456686
97,0.761957954716
97.5,0.762507316962
98,0.763043799457
98.5,0.76356765456
99,0.764079130991
99.5,0.764578473865
100,0.765065924724
100.5,0.765541721572
101,0.766006098902
101.5,0.766459287727
102,0.766901515608
102.5,0.767333006683
103,0.767753981692
103.5,0.768164658005
104,0.768565249648
104.5,0.768955967327
105,0.769337018458
105.5,0.769708607185
106,0.770070934413
106.5,0.770424197827
107,0.77076859192
107.5,0.77110430802
108,0.771431534308
108.5,0.771750455853
109,0.772061254629
109.5,0.772364109547
110,0.772659196477
110.5,0.772946688275
111,0.773226754812
111.5,0.773499562995
112,0.773765276802
112.5,0.774024057301
113,0.774276062685
113.5,0.774521448293
114,0.774760366644
114.5,0.774992967463
115,0.775219397708
115.5,0.775439801604
116,0.775654320667
116.5,0.775863093738
117,0.77606625701
117.5,0.776263944058
118,0.776456285874
118.5,0.776643410892
119,0.776825445021
119.5,0.777002511679
120,0.777174731818
120.5,0.777342223961
121,0.777505104233
121.5,0.777663486389
122,0.777817481849
122.5,0.777967199731
123,0.778112746878
123.5,0.778254227895
124,0.77839174518
124.5,0.778525398955
125,0.778655287299
125.5,0.77878150618
126,0.778904149487
126.5,0.779023309062
127,0.779139074733
127.5,0.779251534346
128,0.779360773794
128.5,0.779466877053
129,0.779569926212
129.5,0.779670001503
130,0.779767181334
130.5,0.779861542322
131,0.779953159319
131.5,0.780042105448
132,0.780128452132
132.5,0.780212269123
133,0.780293624534
133.5,0.780372584869
134,0.780449215051
134.5,0.780523578454
135,0.780595736932
135.5,0.780665750844
136,0.78073367909
136.5,0.780799579131
137,0.780863507026
137.5,0.780925517451
138,0.780985663735
138.5,0.781043997879
139,0.781100570591
139.5,0.781155431305
140,0.781208628213
140.5,0.781260208289
141,0.781310217313
141.5,0.781358699898
142,0.781405699515
142.5,0.781451258517
143,0.781495418163
143.5,0.781538218641
144,0.781579699094
144.5,0.781619897642
145,0.781658851403
145.5,0.781696596518
146,0.781733168172
146.5,0.781768600615
147,0.781802927184
147.5,0.781836180326
148,0.781868391614
148.5,0.781899591771
149,0.78192981069
149.5,0.781959077452
150,0.781987420344
150.5,0.782014866882
151,0.782041443826
151.5,0.7820671772
152,0.782092092308
152.5,0.782116213755
153,0.782139565459
153.5,0.782162170674
154,0.782184052001
154.5,0.782205231406
155,0.782225730239
155.5,0.782245569245
156,0.782264768581
156.5,0.782283347832
157,0.782301326024
157.5,0.782318721639
158,0.78233555263
158.5,0.782351836432
159,0.782367589977
159.5,0.78238282971
160,0.782397571595
160.5,0.782411831133
161,0.782425623375
161.5,0.782438962929
162,0.782451863975
162.5,0.782464340277
163,0.782476405191
163.5,0.782488071681
164,0.782499352325
164.5,0.782510259326
165,0.782520804527
165.5,0.782530999412
166,0.782540855127
166.5,0.782550382479
167,0.78255959195
167.5,0.782568493709
168,0.782577097615
168.5,0.782585413227
169,0.782593449817
169.5,0.782601216373
170,0.782608721606
170.5,0.782615973965
171,0.782622981637
171.5,0.782629752558
172,0.78263629442
172.5,0.782642614676
173,0.782648720545
173.5,0.782654618999
174,0.782660316707
174.5,0.782665819809
175,0.782671133262
175.5,0.782676259191
176,0.782681193483
176.5,0.782685920053
177,0.782690403487
177.5,0.782694583205
178,0.782698374551
178.5,0.782701681704
179,0.782704422153
179.5,0.782706554537
180,0.782708096802
180.5,0.782709124854
181,0.782709752158
181.5,0.782710100692
182,0.782710276304
182.5,0.7827103563
183,0.78271038917
183.5,0.782710401332
184,0.78271040538
184.5,0.78271040659
185,0.782710406915
185.5,0.782710406993
186,0.78271040701
186.5,0.782710407014
187,0.782710407014
187.5,0.782710407014
188,0.782710407014
188.5,0.782710407014
189,0.782710407014
189.5,0.782710407014
190,0.782710407014
190.5,0.782710407014
191,0.782710407014
191.5,0.782710407014
192,0.782710407014
192.5,0.782710407014
193,0.782710407014
193.5,0.782710407014
194,0.782710407014
194.5,0.782710407014
195,0.782710407014
195.5,0.782710407014
196,0.782710407014
196.5,0.782710407014
197,0.782710407014
197.5,0.782710407014
198,0.782710407014
198.5,0.782710407014
199,0.782710407014
199.5,0.782710407014
200,0.782710407014
200.5,0.782710407014
201,0.782710407014
201.5,0.782710407014
202,0.782710407014
202.5,0.782710407014
203,0.782710407014
203.5,0.782710407014
204,0.782710407014
204.5,0.782710407014
205,0.782710407014
205.5,0.782710407014
206,0.782710407014
206.5,0.782710407014
207,0.782710407014
207.5,0.782710407014
208,0.782710407014
208.5,0.782710407014
209,0.782710407014
209.5,0.782710407014
210,0.782710407014
210.5,0.782710407014
211,0.782710407014
211.5,0.782710407014
212,0.782710407014
212.5,0.782710407014
213,0.782710407014
213.5,0.782710407014
214,0.782710407014
214.5,0.782710407014
215,0.782710407014
215.5,0.782710407014
216,0.782710407014
216.5,0.782710407014
217,0.782710407014
217.5,0.782710407014
218,0.782710407014
218.5,0.782710407014
219,0.782710407014
219.5,0.782710407014
220,0.782710407014
220.5,0.782710407014
221,0.782710407014
221.5,0.782710407014
222,0.782710407014
222.5,0.782710407014
223,0.782710407014
223.5,0.782710407014
224,0.782710407014
224.5,0.782710407014
225,0.782710407014
225.5,0.782710407014
226,0.782710407014
226.5,0.782710407014
227,0.782710407014
227.5,0.782710407014
228,0.782710407014
228.5,0.782710407014
229,0.782710407014
229.5,0.782710407014
230,0.782710407014
230.5,0.782710407014
231,0.782710407014
231.5,0.782710407014
232,0.782710407014
232.5,0.782710407014
233,0.782710407014
233.5,0.782710407014
234,0.782710407014
234.5,0.782710407014
235,0.782710407014
235.5,0.782710407014
236,0.782710407014
236.5,0.782710407014
237,0.782710407014
237.5,0.782710407014
238,0.782710407014
238.5,0.782710407014
239,0.782710407014
239.5,0.782710407014
240,0.782710407014
240.5,0.782710407014
241,0.782710407014
241.5,0.782710407014
242,0.782710407014
242.5,0.782710407014
243,0.782710407014
243.5,0.782710407014
244,0.782710407014
244.5,0.782710407014
245,0.782710407014
245.5,0.782710407014
246,0.782710407014
246.5,0.782710407014
247,0.782710407014
247.5,0.782710407014
248,0.782710407014
248.5,0.782710407014
249,0.782710407014
249.5,0.782710407014
250,0.782710407014
250.5,0.782710407014
251,0.782710407014
251.5,0.782710407014
252,0.782710407014
252.5,0.782710407014
253,0.782710407014
253.5,0.782710407014
254,0.782710407014
254.5,0.782710407014
255,0.782710407014
255.5,0.782710407014
256,0.782710407014
256.5,0.782710407014
257,0.782710407014
257.5,0.782710407014
258,0.782710407014
258.5,0.782710407014
259,0.782710407014
259.5,0.782710407014
260,0.782710407014
260.5,0.782710407014
261,0.782710407014
261.5,0.782710407014
262,0.782710407014
262.5,0.782710407014
263,0.782710407014
263.5,0.782710407014
264,0.782710407014
264.5,0.782710407014
265,0.782710407014
265.5,0.782710407014
266,0.782710407014
266.5,0.782710407014
267,0.782710407014
267.5,0.782710407014
268,0.782710407014
268.5,0.782710407014
269,0.782710407014
269.5,0.782710407014
270,0.782710407014
270.5,0.782710407014
271,0.782710407014
271.5,0.782710407014
272,0.782710407014
272.5,0.782710407014
273,0.782710407014
273.5,0.782710407014
274,0.782710407014
274.5,0.782710407014
275,0.782710407014
275.5,0.782710407014
276,0.782710407014
276.5,0.782710407014
277,0.782710407014
277.5,0.782710407014
278,0.782710407014
278.5,0.782710407014
279,0.782710407014
279.5,0.782710407014
280,0.782710407014
280.5,0.782710407014
281,0.782710407014
281.5,0.782710407014
282,0.782710407014
282.5,0.782710407014
283,0.782710407014
283.5,0.782710407014
284,0.782710407014
284.5,0.782710407014
285,0.782710407014
285.5,0.782710407014
286,0.782710407014
286.5,0.782710407014
287,0.782710407014
287.5,0.782710407014
288,0.782710407014
288.5,0.782710407014
289,0.782710407014
289.5,0.782710407014
290,0.782710407014
290.5,0.782710407014
291,0.782710407014
291.5,0.782710407014
292,0.782710407014
292.5,0.782710407014
293,0.782710407014
293.5,0.782710407014
294,0.782710407014
294.5,0.782710407014
295,0.782710407014
295.5,0.782710407014
296,0.782710407014
296.5,0.782710407014
297,0.782710407014
297.5,0.782710407014
298,0.782710407014
298.5,0.782710407014
299,0.782710407014
299.5,0.782710407014
300,0.782710407014
