t,Result
0,0
0.5,6.84734986845e-23
1,2.31138439208e-17
1.5,1.61561091873e-14
2,1.07512012342e-12
2.5,2.14718803119e-11
3,2.09470398713e-10
3.5,1.2844715479e-09
4,5.75677198695e-09
4.5,2.08421636701e-08
5,6.53126556323e-08
5.5,1.85301881159e-07
6,4.87951686812e-07
6.5,1.20501438717e-06
7,2.79877219232e-06
7.5,6.1183567431e-06
8,1.26060354039e-05
8.5,2.45423660832e-05
9,4.53092757628e-05
9.5,7.96437376886e-05
10,0.000133853275329
10.5,0.00021596803172
11,0.000335811458905
11.5,0.000504981023304
12,0.000736739847266
12.5,0.00104582842905
13,0.00144821158052
13.5,0.00196077915167
14,0.00260102010553
14.5,0.00338668850738
15,0.00433547758466
15.5,0.00546471479826
16,0.00679108736334
16.5,0.00833040426948
17,0.0100973978431
17.5,0.0121055654159
18,0.0143670497625
18.5,0.0168925556228
19,0.0196912987744
19.5,0.0227709836726
20,0.0261378055471
20.5,0.0297964729401
21,0.0337502469263
21.5,0.0380009935977
22,0.0425492467848
22.5,0.047394278387
23,0.0525341740705
23.5,0.0579659124495
24,0.0636854461904
24.5,0.0696877837626
25,0.0759670708023
25.5,0.0825166702679
26,0.0893292407373
26.5,0.0963968123469
27,0.10371085999
27.5,0.111262373495
28,0.119041924582
28.5,0.127039730471
29,0.13524571405
29.5,0.143649560583
30,0.152240770955
30.5,0.161008711473
31,0.169942660294
31.5,0.179031850536
32,0.188265510174
32.5,0.197632898802
33,0.207123341383
33.5,0.216726259093
34,0.22643119738
34.5,0.236227851362
35,0.246106088684
35.5,0.256055969964
36,0.266067766949
36.5,0.276131978513
37,0.286239344602
37.5,0.296380858277
38,0.306547775937
38.5,0.316731625867
39,0.326924215212
39.5,0.337117635474
40,0.347304266667
40.5,0.357476780188
41,0.367628140549
41.5,0.377751606021
42,0.387840728302
42.5,0.397889351296
43,0.407891609058
43.5,0.417841923019
44,0.427734998525
44.5,0.437565820791
45,0.447329650313
45.5,0.457022017804
46,0.46663871872
46.5,0.476175807417
47,0.485629590997
47.5,0.494996622881
48,0.504273696171
48.5,0.513457836817
49,0.52254629664
49.5,0.531536546254
50,0.540426267892
50.5,0.549213348198
51,0.557895870987
51.5,0.566472110006
52,0.574940521723
52.5,0.583299738158
53,0.591548559778
53.5,0.599685948466
54,0.607711020589
54.5,0.615623040172
55,0.623421412184
55.5,0.631105675966
56,0.638675498777
56.5,0.646130669506
57,0.653471092519
57.5,0.66069678167
58,0.667807854475
58.5,0.674804526447
59,0.681687105595
59.5,0.688455987104
60,0.695111648176
60.5,0.70165464304
61,0.708085598144
61.5,0.714405207506
62,0.720614228243
62.5,0.726713476261
63,0.732703822118
63.5,0.738586187044
64,0.744361539125
64.5,0.750030889649
65,0.755595289604
65.5,0.761055826327
66,0.766413620302
66.5,0.77166982211
67,0.776825609512
67.5,0.781882184673
68,0.78684077152
68.5,0.791702613234
69,0.796468969858
69.5,0.801141116039
70,0.805720338882
70.5,0.810207935914
71,0.814605213169
71.5,0.818913483369
72,0.823134064212
72.5,0.827268276763
73,0.831317443927
73.5,0.835282889025
74,0.839165934455
74.5,0.842967900429
75,0.846690103803
75.5,0.850333856969
76,0.853900466835
76.5,0.857391233866
77,0.86080745119
77.5,0.86415040378
78,0.867421367683
78.5,0.870621609314
79,0.873752384809
79.5,0.876814939417
80,0.879810506961
80.5,0.882740309325
81,0.885605556008
81.5,0.8884074437
82,0.891147155913
82.5,0.893825862643
83,0.896444720071
83.5,0.899004870294
84,0.901507441094
84.5,0.903953545735
85,0.906344282783
85.5,0.908680735962
86,0.910963974029
86.5,0.913195050675
87,0.915375004447
87.5,0.917504858693
88,0.919585621523
88.5,0.921618285792
89,0.923603829096
89.5,0.92554321379
90,0.927437387011
90.5,0.929287280728
91,0.93109381179
91.5,0.932857881999
92,0.934580378184
92.5,0.936262172292
93,0.937904121485
93.5,0.939507068243
94,0.941071840484
94.5,0.94259925168
95,0.944090100987
95.5,0.945545173379
96,0.946965239784
96.5,0.948351057233
97,0.949703369006
97.5,0.951022904782
98,0.952310380799
98.5,0.953566500012
99,0.95479195225
99.5,0.955987414388
100,0.957153550507
100.5,0.958291012062
101,0.959400438054
101.5,0.960482455199
102,0.961537678098
102.5,0.962566709409
103,0.96357014002
103.5,0.964548549222
104,0.965502504879
104.5,0.9664325636
105,0.967339270915
105.5,0.968223161441
106,0.969084759056
106.5,0.969924577068
107,0.970743118384
107.5,0.971540875678
108,0.972318331558
108.5,0.973075958734
109,0.973814220177
109.5,0.974533569288
110,0.975234450058
110.5,0.975917297227
111,0.976582536443
111.5,0.977230584423
112,0.977861849102
112.5,0.978476729794
113,0.979075617338
113.5,0.979658894254
114,0.980226934888
114.5,0.980780105562
115,0.981318764716
115.5,0.981843263054
116,0.982353943685
116.5,0.982851142262
117,0.98333518712
117.5,0.983806399415
118,0.984265093253
118.5,0.984711575827
119,0.985146147545
119.5,0.98556910216
120,0.985980726896
120.5,0.986381302574
121,0.986771103732
121.5,0.987150398753
122,0.987519449977
122.5,0.987878513823
123,0.988227840904
123.5,0.98856767614
124,0.988898258875
124.5,0.989219822979
125,0.989532596966
125.5,0.989836804094
126,0.990132662475
126.5,0.990420385177
127,0.990700180326
127.5,0.990972251205
128,0.991236796356
128.5,0.991494009675
129,0.991744080505
129.5,0.991987193735
130,0.992223529889
130.5,0.992453265217
131,0.992676571785
131.5,0.992893617561
132,0.993104566502
132.5,0.99330957864
133,0.993508810162
133.5,0.993702413496
134,0.993890537386
134.5,0.994073326975
135,0.994250923879
135.5,0.994423466267
136,0.994591088931
136.5,0.994753923364
137,0.994912097828
137.5,0.995065737427
138,0.995214964174
138.5,0.995359897063
139,0.99550065213
139.5,0.995637342525
140,0.995770078571
140.5,0.995898967831
141,0.996024115165
141.5,0.996145622797
142,0.99626359037
142.5,0.996378115006
143,0.996489291362
143.5,0.996597211688
144,0.996701965882
144.5,0.996803641541
145,0.99690232402
145.5,0.996998096475
146,0.997091039923
146.5,0.997181233287
147,0.997268753444
147.5,0.997353675276
148,0.997436071716
148.5,0.997516013791
149,0.997593570671
149.5,0.997668809712
150,0.997741796497
150.5,0.997812594881
151,0.997881267032
151.5,0.99794787347
152,0.998012473108
152.5,0.998075123289
153,0.998135879828
153.5,0.998194797046
154,0.998251927805
154.5,0.99830732355
155,0.998361034337
155.5,0.998413108871
156,0.998463594537
156.5,0.998512537436
157,0.998559982413
157.5,0.998605973094
158,0.998650551908
158.5,0.998693760126
159,0.998735637883
159.5,0.998776224212
160,0.998815557068
160.5,0.998853673359
161,0.998890608968
161.5,0.998926398783
162,0.998961076721
162.5,0.998994675755
163,0.999027227934
163.5,0.99905876441
164,0.999089315462
164.5,0.999118910516
165,0.999147578169
165.5,0.999175346209
166,0.99920224164
166.5,0.999228290696
167,0.999253518869
167.5,0.999277950923
168,0.999301610915
168.5,0.999324522214
169,0.999346707519
169.5,0.999368188878
170,0.999388987703
170.5,0.999409124789
171,0.999428620331
171.5,0.999447493938
172,0.99946576465
172.5,0.999483450954
173,0.999500570799
173.5,0.99951714161
174,0.999533180302
174.5,0.999548703294
175,0.999563726525
175.5,0.999578265462
176,0.99959233512
176.5,0.999605950069
177,0.999619124446
177.5,0.999631871973
178,0.999644205963
178.5,0.999656139332
179,0.999667684612
179.5,0.999678853961
180,0.999689659174
180.5,0.999700111692
181,0.999710222612
181.5,0.999720002699
182,0.999729462393
182.5,0.999738611818
183,0.999747460794
183.5,0.999756018841
184,0.999764295195
184.5,0.999772298805
185,0.999780038354
185.5,0.999787522255
186,0.999794758668
186.5,0.999801755502
187,0.999808520422
187.5,0.999815060861
188,0.999821384022
188.5,0.999827496885
189,0.999833406213
189.5,0.999839118552
190,0.999844640204
190.5,0.999849977133
191,0.999855134657
191.5,0.999860116646
192,0.99986492373
192.5,0.999869549939
193,0.999873977593
193.5,0.99987817145
194,0.999882074938
194.5,0.99988561264
195,0.999888702163
195.5,0.999891274369
196,0.999893295362
196.5,0.999894780544
197,0.999895793716
197.5,0.999896431429
198,0.999896799991
198.5,0.999896994847
199,0.999897088815
199.5,0.999897130061
200,0.999897146511
200.5,0.999897152465
201,0.99989715442
201.5,0.999897155001
202,0.999897155158
202.5,0.999897155196
203,0.999897155204
203.5,0.999897155206
204,0.999897155206
204.5,0.999897155206
205,0.999897155206
205.5,0.999897155206
206,0.999897155206
206.5,0.999897155206
207,0.999897155206
207.5,0.999897155206
208,0.999897155206
208.5,0.999897155206
209,0.999897155206
209.5,0.999897155206
210,0.999897155206
210.5,0.999897155206
211,0.999897155206
211.5,0.999897155206
212,0.999897155206
212.5,0.999897155206
213,0.999897155206
213.5,0.999897155206
214,0.999897155206
214.5,0.999897155206
215,0.999897155206
215.5,0.999897155206
216,0.999897155206
216.5,0.999897155206
217,0.999897155206
217.5,0.999897155206
218,0.999897155206
218.5,0.999897155206
219,0.999897155206
219.5,0.999897155206
220,0.999897155206
220.5,0.999897155206
221,0.999897155206
221.5,0.999897155206
222,0.999897155206
222.5,0.999897155206
223,0.999897155206
223.5,0.999897155206
224,0.999897155206
224.5,0.999897155206
225,0.999897155206
225.5,0.999897155206
226,0.999897155206
226.5,0.999897155206
227,0.999897155206
227.5,0.999897155206
228,0.999897155206
228.5,0.999897155206
229,0.999897155206
229.5,0.999897155206
230,0.999897155206
230.5,0.999897155206
231,0.999897155206
231.5,0.999897155206
232,0.999897155206
232.5,0.999897155206
233,0.999897155206
233.5,0.999897155206
234,0.999897155206
234.5,0.999897155206
235,0.999897155206
235.5,0.999897155206
236,0.999897155206
236.5,0.999897155206
237,0.999897155206
237.5,0.999897155206
238,0.999897155206
238.5,0.999897155206
239,0.999897155206
239.5,0.999897155206
240,0.999897155206
240.5,0.999897155206
241,0.999897155206
241.5,0.999897155206
242,0.999897155206
242.5,0.999897155206
243,0.999897155206
243.5,0.999897155206
244,0.999897155206
244.5,0.999897155206
245,0.999897155206
245.5,0.999897155206
246,0.999897155206
246.5,0.999897155206
247,0.999897155206
247.5,0.999897155206
248,0.999897155206
248.5,0.999897155206
249,0.999897155206
249.5,0.999897155206
250,0.999897155206
250.5,0.999897155206
251,0.999897155206
251.5,0.999897155206
252,0.999897155206
252.5,0.999897155206
253,0.999897155206
253.5,0.999897155206
254,0.999897155206
254.5,0.999897155206
255,0.999897155206
255.5,0.999897155206
256,0.999897155206
256.5,0.999897155206
257,0.999897155206
257.5,0.999897155206
258,0.999897155206
258.5,0.999897155206
259,0.999897155206
259.5,0.999897155206
260,0.999897155206
260.5,0.999897155206
261,0.999897155206
261.5,0.999897155206
262,0.999897155206
262.5,0.999897155206
263,0.999897155206
263.5,0.999897155206
264,0.999897155206
264.5,0.999897155206
265,0.999897155206
265.5,0.999897155206
266,0.999897155206
266.5,0.999897155206
267,0.999897155206
267.5,0.999897155206
268,0.999897155206
268.5,0.999897155206
269,0.999897155206
269.5,0.999897155206
270,0.999897155206
270.5,0.999897155206
271,0.999897155206
271.5,0.999897155206
272,0.999897155206
272.5,0.999897155206
273,0.999897155206
273.5,0.999897155206
274,0.999897155206
274.5,0.999897155206
275,0.999897155206
275.5,0.999897155206
276,0.999897155206
276.5,0.999897155206
277,0.999897155206
277.5,0.999897155206
278,0.999897155206
278.5,0.999897155206
279,0.999897155206
279.5,0.999897155206
280,0.999897155206
280.5,0.999897155206
281,0.999897155206
281.5,0.999897155206
282,0.999897155206
282.5,0.999897155206
283,0.999897155206
283.5,0.999897155206
284,0.999897155206
284.5,0.999897155206
285,0.999897155206
285.5,0.999897155206
286,0.999897155206
286.5,0.999897155206
287,0.999897155206
287.5,0.999897155206
288,0.999897155206
288.5,0.999897155206
289,0.999897155206
289.5,0.999897155206
290,0.999897155206
290.5,0.999897155206
291,0.999897155206
291.5,0.999897155206
292,0.999897155206
292.5,0.999897155206
293,0.999897155206
293.5,0.999897155206
294,0.999897155206
294.5,0.999897155206
295,0.999897155206
295.5,0.999897155206
296,0.999897155206
296.5,0.999897155206
297,0.999897155206
297.5,0.999897155206
298,0.999897155206
298.5,0.999897155206
299,0.999897155206
299.5,0.999897155206
300,0.999897155206
