t,Result
0,0
0.5,4.27327522761e-26
1,3.1935553913e-20
1.5,3.82934950921e-17
2,4.19753256024e-15
2.5,1.31787678135e-13
3,1.89206368908e-12
3.5,1.59041818087e-11
4,9.12545184861e-11
4.5,3.96989396917e-10
5,1.4139807221e-09
5.5,4.36986277264e-09
6,1.22306182112e-08
6.5,3.18941793416e-08
7,7.86883948675e-08
7.5,1.84736441869e-07
8,4.13027035327e-07
8.5,8.78939620714e-07
9,1.78042075642e-06
9.5,3.43704234342e-06
10,6.33694480913e-06
10.5,1.1189424154e-05
11,1.89798960881e-05
11.5,3.102334403e-05
12,4.9012217123e-05
12.5,7.50550789957e-05
13,0.000111703029219
13.5,0.000161961892646
14,0.000229289249372
14.5,0.000317576426097
15,0.000431116485075
15.5,0.000574559964315
16,0.000752860613638
16.5,0.00097121363762
17,0.00123498902216
17.5,0.00154966242352
18,0.00192074587925
18.5,0.00235372030167
19,0.00285397137307
19.5,0.00342673010895
20,0.00407701901414
20.5,0.00480960444296
21,0.00562895549863
21.5,0.00653920957314
22,0.00754414443897
22.5,0.00864715665438
23,0.00985124593336
23.5,0.0111590050529
24,0.01257261482
24.5,0.0140938435954
25,0.01572405086
25.5,0.0174641943191
26,0.0193148400546
26.5,0.0212761752589
27,0.0233480231165
27.5,0.0255298594298
28,0.0278208306198
28.5,0.0302197727697
29,0.0327252314106
29.5,0.0353354817827
30,0.0380485493378
30.5,0.0408622302769
31,0.0437741119453
31.5,0.0467815929314
32,0.0498819027416
32.5,0.0530721209408
33,0.0563491956703
33.5,0.0597099614715
34,0.0631511563566
34.5,0.066669438085
35,0.0702613996135
35.5,0.0739235836995
36,0.0776524966472
36.5,0.0814446211923
37,0.0852964285299
37.5,0.0892043894959
38,0.0931649849156
38.5,0.0971747151406
39,0.101230108795
39.5,0.105327730759
40,0.109464189413
40.5,0.113636143181
41,0.117840306392
41.5,0.122073454506
42,0.126332428721
42.5,0.130614140013
43,0.134915572622
43.5,0.139233787028
44,0.143565922456
44.5,0.147909198918
45,0.152260918852
45.5,0.156618468367
46,0.160979318129
46.5,0.165341023917
47,0.169701226883
47.5,0.174057653526
48,0.178408115417
48.5,0.182750508693
49,0.187082813345
49.5,0.191403092325
50,0.195709490474
50.5,0.200000233315
51,0.204273625713
51.5,0.208528050414
52,0.212761966498
52.5,0.216973907737
53,0.221162480889
53.5,0.225326363933
54,0.229464304255
54.5,0.233575116795
55,0.237657682175
55.5,0.241710944801
56,0.245733910961
56.5,0.249725646909
57,0.253685276971
57.5,0.257611981638
58,0.261504995697
58.5,0.265363606361
59,0.269187151432
59.5,0.272975017498
60,0.276726638143
60.5,0.280441492207
61,0.284119102073
61.5,0.287759031992
62,0.291360886451
62.5,0.294924308574
63,0.298448978577
63.5,0.301934612251
64,0.305380959498
64.5,0.308787802907
65,0.31215495637
65.5,0.315482263751
66,0.318769597582
66.5,0.322016857822
67,0.325223970636
67.5,0.328390887237
68,0.331517582751
68.5,0.334604055135
69,0.337650324129
69.5,0.340656430242
70,0.343622433787
70.5,0.346548413942
71,0.34943446785
71.5,0.352280709755
72,0.35508727017
72.5,0.357854295078
73,0.360581945163
73.5,0.363270395073
74,0.36591983271
74.5,0.368530458549
75,0.371102484989
75.5,0.373636135717
76,0.376131645113
76.5,0.378589257668
77,0.381009227429
77.5,0.383391817466
78,0.38573729936
78.5,0.38804595271
79,0.390318064662
79.5,0.392553929456
80,0.394753847988
80.5,0.396918127394
81,0.399047080646
81.5,0.401141026165
82,0.403200287451
82.5,0.405225192724
83,0.407216074581
83.5,0.409173269665
84,0.411097118349
84.5,0.412987964425
85,0.414846154816
85.5,0.416672039285
86,0.41846597017
86.5,0.420228302112
87,0.42195939181
87.5,0.423659597769
88,0.425329280073
88.5,0.42696880015
89,0.42857852056
89.5,0.430158804779
90,0.431710017
90.5,0.433232521934
91,0.434726684625
91.5,0.436192870262
92,0.43763144401
92.5,0.439042770835
93,0.440427215345
93.5,0.441785141631
94,0.443116913114
94.5,0.444422892404
95,0.445703441151
95.5,0.446958919918
96,0.448189688044
96.5,0.449396103523
97,0.450578522882
97.5,0.451737301061
98,0.452872791307
98.5,0.453985345065
99,0.455075311873
99.5,0.456143039264
100,0.457188872673
100.5,0.458213155345
101,0.45921622825
101.5,0.460198429995
102,0.461160096751
102.5,0.462101562173
103,0.463023157332
103.5,0.463925210641
104,0.464808047795
104.5,0.465671991705
105,0.466517362442
105.5,0.467344477184
106,0.468153650156
106.5,0.468945192588
107,0.469719412667
107.5,0.470476615491
108,0.471217103034
108.5,0.4719411741
109,0.472649124299
109.5,0.473341246004
110,0.47401782833
110.5,0.474679157101
111,0.475325514828
111.5,0.475957180689
112,0.476574430505
112.5,0.477177536724
113,0.477766768408
113.5,0.478342391218
114,0.478904667403
114.5,0.479453855794
115,0.479990211793
115.5,0.480513987372
116,0.481025431068
116.5,0.481524787985
117,0.482012299789
117.5,0.482488204717
118,0.48295273758
118.5,0.483406129765
119,0.483848609248
119.5,0.484280400597
120,0.48470172499
120.5,0.485112800222
121,0.485513840717
121.5,0.485905057549
122,0.486286658452
122.5,0.48665884784
123,0.487021826827
123.5,0.487375793243
124,0.487720941656
124.5,0.488057463395
125,0.488385546572
125.5,0.488705376106
126,0.489017133744
126.5,0.489320998094
127,0.489617144643
127.5,0.48990574579
128,0.49018697087
128.5,0.490460986184
129,0.490727955031
129.5,0.490988037729
130,0.491241391656
130.5,0.491488171272
131,0.491728528158
131.5,0.491962611039
132,0.492190565824
132.5,0.492412535635
133,0.492628660839
133.5,0.492839079083
134,0.493043925328
134.5,0.493243331881
135,0.49343742843
135.5,0.493626342076
136,0.493810197373
136.5,0.493989116357
137,0.494163218581
137.5,0.494332621153
138,0.494497438769
138.5,0.494657783748
139,0.494813766064
139.5,0.494965493387
140,0.495113071112
140.5,0.495256602398
141,0.495396188197
141.5,0.495531927297
142,0.495663916348
142.5,0.495792249903
143,0.495917020448
143.5,0.496038318437
144,0.496156232328
144.5,0.496270848613
145,0.496382251856
145.5,0.496490524723
146,0.496595748015
146.5,0.496698000703
147,0.49679735996
147.5,0.49689390119
148,0.496987698067
148.5,0.497078822557
149,0.497167344961
149.5,0.497253333936
150,0.497336856531
150.5,0.497417978217
151,0.497496762916
151.5,0.497573273033
152,0.497647569483
152.5,0.497719711721
153,0.497789757772
153.5,0.497857764258
154,0.497923786429
154.5,0.497987878186
155,0.498050092111
155.5,0.498110479498
156,0.49816909037
156.5,0.498225973517
157,0.498281176511
157.5,0.498334745741
158,0.49838672643
158.5,0.498437162667
159,0.498486097427
159.5,0.498533572595
160,0.498579628992
160.5,0.498624306398
161,0.498667643573
161.5,0.498709678282
162,0.498750447314
162.5,0.498789986508
163,0.498828330772
163.5,0.498865514103
164,0.49890156961
164.5,0.498936529533
165,0.498970425265
165.5,0.499003287369
166,0.499035145598
166.5,0.499066028915
167,0.499095965511
167.5,0.499124982823
168,0.499153107553
168.5,0.499180365682
169,0.499206782493
169.5,0.499232382583
170,0.499257189882
170.5,0.499281227667
171,0.499304518581
171.5,0.499327084647
172,0.499348947282
172.5,0.499370127314
173,0.499390644996
173.5,0.499410520019
174,0.499429771528
174.5,0.499448418136
175,0.499466477934
175.5,0.499483968508
176,0.499500906951
176.5,0.499517309874
177,0.499533193418
177.5,0.499548573271
178,0.499563464673
178.5,0.499577882432
179,0.499591840934
179.5,0.499605354153
180,0.499618435664
180.5,0.499631098652
181,0.499643355923
181.5,0.499655219911
182,0.499666702694
182.5,0.499677815997
183,0.499688571206
183.5,0.499698979376
184,0.499709051238
184.5,0.499718797208
185,0.499728227401
185.5,0.49973735163
186,0.499746179422
186.5,0.499754720021
187,0.499762982399
187.5,0.499770975262
188,0.499778707057
188.5,0.499786185978
189,0.499793419979
189.5,0.499800416771
190,0.499807183838
190.5,0.499813728438
191,0.499820057609
191.5,0.499826178181
192,0.499832096773
192.5,0.499837819808
193,0.499843353512
193.5,0.499848703922
194,0.499853876893
194.5,0.499858878098
195,0.499863713041
195.5,0.499868387054
196,0.499872905309
196.5,0.499877272815
197,0.49988149443
197.5,0.499885574862
198,0.499889518671
198.5,0.49989333028
199,0.499897013971
199.5,0.499900573896
200,0.499904014075
200.5,0.499907338404
201,0.499910550654
201.5,0.499913654467
202,0.499916653347
202.5,0.499919550621
203,0.499922349353
203.5,0.49992505216
204,0.499927660878
204.5,0.499930175997
205,0.499932595834
205.5,0.499934915492
206,0.499937125796
206.5,0.499939212592
207,0.499941156879
207.5,0.499942936239
208,0.499944527688
208.5,0.499945911612
209,0.499947075922
209.5,0.499948019279
210,0.499948752387
210.5,0.499949296911
211,0.499949682327
211.5,0.499949941646
212,0.499950107165
212.5,0.499950207223
213,0.499950264432
213.5,0.499950295337
214,0.499950311098
214.5,0.499950318681
215,0.499950322121
215.5,0.499950323592
216,0.499950324184
216.5,0.499950324409
217,0.49995032449
217.5,0.499950324517
218,0.499950324525
218.5,0.499950324528
219,0.499950324529
219.5,0.499950324529
220,0.499950324529
220.5,0.499950324529
221,0.499950324529
221.5,0.499950324529
222,0.499950324529
222.5,0.499950324529
223,0.499950324529
223.5,0.499950324529
224,0.499950324529
224.5,0.499950324529
225,0.499950324529
225.5,0.499950324529
226,0.499950324529
226.5,0.499950324529
227,0.499950324529
227.5,0.499950324529
228,0.499950324529
228.5,0.499950324529
229,0.499950324529
229.5,0.499950324529
230,0.499950324529
230.5,0.499950324529
231,0.499950324529
231.5,0.499950324529
232,0.499950324529
232.5,0.499950324529
233,0.499950324529
233.5,0.499950324529
234,0.499950324529
234.5,0.499950324529
235,0.499950324529
235.5,0.499950324529
236,0.499950324529
236.5,0.499950324529
237,0.499950324529
237.5,0.499950324529
238,0.499950324529
238.5,0.499950324529
239,0.499950324529
239.5,0.499950324529
240,0.499950324529
240.5,0.499950324529
241,0.499950324529
241.5,0.499950324529
242,0.499950324529
242.5,0.499950324529
243,0.499950324529
243.5,0.499950324529
244,0.499950324529
244.5,0.499950324529
245,0.499950324529
245.5,0.499950324529
246,0.499950324529
246.5,0.499950324529
247,0.499950324529
247.5,0.499950324529
248,0.499950324529
248.5,0.499950324529
249,0.499950324529
249.5,0.499950324529
250,0.499950324529
250.5,0.499950324529
251,0.499950324529
251.5,0.499950324529
252,0.499950324529
252.5,0.499950324529
253,0.499950324529
253.5,0.499950324529
254,0.499950324529
254.5,0.499950324529
255,0.499950324529
255.5,0.499950324529
256,0.499950324529
256.5,0.499950324529
257,0.499950324529
257.5,0.499950324529
258,0.499950324529
258.5,0.499950324529
259,0.499950324529
259.5,0.499950324529
260,0.499950324529
260.5,0.499950324529
261,0.499950324529
261.5,0.499950324529
262,0.499950324529
262.5,0.499950324529
263,0.499950324529
263.5,0.499950324529
264,0.499950324529
264.5,0.499950324529
265,0.499950324529
265.5,0.499950324529
266,0.499950324529
266.5,0.499950324529
267,0.499950324529
267.5,0.499950324529
268,0.499950324529
268.5,0.499950324529
269,0.499950324529
269.5,0.499950324529
270,0.499950324529
270.5,0.499950324529
271,0.499950324529
271.5,0.499950324529
272,0.499950324529
272.5,0.499950324529
273,0.499950324529
273.5,0.499950324529
274,0.499950324529
274.5,0.499950324529
275,0.499950324529
275.5,0.499950324529
276,0.499950324529
276.5,0.499950324529
277,0.499950324529
277.5,0.499950324529
278,0.499950324529
278.5,0.499950324529
279,0.499950324529
279.5,0.499950324529
280,0.499950324529
280.5,0.499950324529
281,0.499950324529
281.5,0.499950324529
282,0.499950324529
282.5,0.499950324529
283,0.499950324529
283.5,0.499950324529
284,0.499950324529
284.5,0.499950324529
285,0.499950324529
285.5,0.499950324529
286,0.499950324529
286.5,0.499950324529
287,0.499950324529
287.5,0.499950324529
288,0.499950324529
288.5,0.499950324529
289,0.499950324529
289.5,0.499950324529
290,0.499950324529
290.5,0.499950324529
291,0.499950324529
291.5,0.499950324529
292,0.499950324529
292.5,0.499950324529
293,0.499950324529
293.5,0.499950324529
294,0.499950324529
294.5,0.499950324529
295,0.499950324529
295.5,0.499950324529
296,0.499950324529
296.5,0.499950324529
297,0.499950324529
297.5,0.499950324529
298,0.499950324529
298.5,0.499950324529
299,0.499950324529
299.5,0.499950324529
300,0.499950324529
