t,Result
0,0
0.5,9.43747306192e-13
1,2.13656522006e-09
1.5,1.22465688416e-07
2,1.66763749163e-06
2.5,1.06727415011e-05
3,4.31559983106e-05
3.5,0.000128645406415
4,0.000309398637659
4.5,0.000635632826794
5,0.00115896687611
5.5,0.00192637638351
6,0.00297606534119
6.5,0.00433565414128
7,0.00602239691212
7.5,0.00804482466226
8,0.010405143594
8.5,0.0131018292582
9,0.0161319639498
9.5,0.0194930568017
10,0.0231842107954
10.5,0.0272066273848
11,0.0315635277657
11.5,0.0362596260017
12,0.0413003140921
12.5,0.0466907175923
13,0.052434759633
13.5,0.0585343389291
14,0.0649886908466
14.5,0.0717939655696
15,0.0789430277421
15.5,0.0864254596763
16,0.0942277357314
16.5,0.102333528119
17,0.110724102843
17.5,0.119378767123
18,0.128275335009
18.5,0.137390584469
19,0.146700686222
19.5,0.15618159104
20,0.165809367887
20.5,0.175560489819
21,0.185412068035
21.5,0.195342036909
22,0.205329294374
22.5,0.215353802914
23,0.225396656673
23.5,0.235440120163
24,0.245467643664
24.5,0.255463859941
25,0.265414566331
25.5,0.275306695673
26,0.285128278978
26.5,0.294868402237
27,0.304517159316
27.5,0.314065602448
28,0.323505691554
28.5,0.332830243315
29,0.342032880682
29.5,0.351107983371
30,0.360050639694
30.5,0.368856600007
31,0.377522231939
31.5,0.386044477517
32,0.394420812247
32.5,0.402649206154
33,0.410728086798
33.5,0.418656304214
34,0.426433097748
34.5,0.434058064723
35,0.441531130887
35.5,0.448852522567
36,0.45602274047
36.5,0.463042535058
37,0.469912883431
37.5,0.476634967649
38,0.483210154425
38.5,0.489639976131
39,0.495926113041
39.5,0.502070376761
40,0.508074694782
40.5,0.513941096097
41,0.519671697825
41.5,0.525268692798
42,0.530734338046
42.5,0.536070944143
43,0.541280865358
43.5,0.546366490567
44,0.551330234891
44.5,0.556174532002
45,0.560901827077
45.5,0.565514570345
46,0.570015211198
46.5,0.574406192834
47,0.578689947395
47.5,0.582868891567
48,0.586945422616
48.5,0.590921914834
49,0.594800716357
49.5,0.598584146343
50,0.602274492476
50.5,0.605874008773
51,0.609384913687
51.5,0.612809388458
52,0.616149575719
52.5,0.619407578326
53,0.622585458392
53.5,0.625685236517
54,0.628708891194
54.5,0.631658358374
55,0.634535531181
55.5,0.637342259764
56,0.640080351268
56.5,0.642751569922
57,0.645357637223
57.5,0.647900232214
58,0.650380991847
58.5,0.652801511412
59,0.655163345038
59.5,0.65746800625
60,0.659716968574
60.5,0.661911666192
61,0.66405349463
61.5,0.666143811484
62,0.668183937165
62.5,0.670175155679
63,0.672118715417
63.5,0.67401582996
64,0.675867678901
64.5,0.677675408668
65,0.679440133352
65.5,0.681162935543
66,0.68284486716
66.5,0.684486950276
67,0.686090177943
67.5,0.687655515006
68,0.689183898912
68.5,0.690676240504
69,0.692133424808
69.5,0.693556311805
70,0.69494573719
70.5,0.696302513116
71,0.697627428923
71.5,0.698921251853
72,0.700184727745
72.5,0.701418581718
73,0.702623518828
73.5,0.703800224723
74,0.704949366263
74.5,0.706071592136
75,0.707167533449
75.5,0.708237804302
76,0.709283002351
76.5,0.710303709344
77,0.711300491645
77.5,0.712273900744
78,0.713224473743
78.5,0.714152733829
79,0.715059190735
79.5,0.715944341176
80,0.716808669279
80.5,0.717652646989
81,0.718476734468
81.5,0.719281380473
82,0.720067022727
82.5,0.720834088265
83,0.721582993783
83.5,0.722314145956
84,0.723027941757
84.5,0.723724768759
85,0.724405005426
85.5,0.725069021388
86,0.725717177714
86.5,0.726349827168
87,0.726967314454
87.5,0.727569976456
88,0.728158142468
88.5,0.728732134408
89,0.729292267032
89.5,0.729838848138
90,0.730372178752
90.5,0.730892553324
91,0.7314002599
91.5,0.731895580297
92,0.732378790266
92.5,0.732850159655
93,0.733309952554
93.5,0.73375842745
94,0.734195837359
94.5,0.734622429971
95,0.735038447772
95.5,0.735444128174
96,0.735839703636
96.5,0.736225401776
97,0.736601445489
97.5,0.73696805305
98,0.737325438222
98.5,0.737673810353
99,0.738013374478
99.5,0.738344331406
100,0.738666877817
100.5,0.738981206346
101,0.739287505669
101.5,0.739585960585
102,0.739876752095
102.5,0.740160057481
103,0.740436050378
103.5,0.740704900849
104,0.740966775453
104.5,0.741221837317
105,0.741470246199
105.5,0.741712158557
106,0.741947727607
106.5,0.742177103388
107,0.742400432824
107.5,0.742617859777
108,0.742829525107
108.5,0.74303556673
109,0.743236119667
109.5,0.743431316105
110,0.743621285442
110.5,0.743806154341
111,0.743986046782
111.5,0.744161084106
112,0.744331385069
112.5,0.744497065886
113,0.744658240275
113.5,0.744815019507
114,0.744967512449
114.5,0.745115825606
115,0.745260063166
115.5,0.745400327041
116,0.745536716909
116.5,0.745669330257
117,0.745798262416
117.5,0.745923606609
118,0.74604545398
118.5,0.746163893639
119,0.7462790127
119.5,0.746390896313
120,0.746499627707
120.5,0.746605288221
121,0.746707957342
121.5,0.74680771274
122,0.746904630302
122.5,0.746998784166
123,0.747090246755
123.5,0.747179088808
124,0.747265379416
124.5,0.747349186051
125,0.7474305746
125.5,0.747509609393
126,0.747586353238
126.5,0.747660867447
127,0.747733211868
127.5,0.747803444915
128,0.747871623593
128.5,0.747937803532
129,0.748002039012
129.5,0.748064382989
130,0.748124887126
130.5,0.748183601818
131,0.748240576216
131.5,0.748295858259
132,0.748349494692
132.5,0.748401531097
133,0.748452011916
133.5,0.748500980474
134,0.748548479005
134.5,0.748594548673
135,0.748639229599
135.5,0.748682560881
136,0.748724580615
136.5,0.748765325922
137,0.748804832967
137.5,0.748843136976
138,0.748880272267
138.5,0.748916272259
139,0.748951169503
139.5,0.748984995693
140,0.749017781691
140.5,0.749049557544
141,0.749080352504
141.5,0.749110195044
142,0.749139112881
142.5,0.749167132988
143,0.749194281614
143.5,0.749220584303
144,0.749246065909
144.5,0.749270750611
145,0.749294661932
145.5,0.749317822754
146,0.749340255332
146.5,0.74936198131
147,0.749383021738
147.5,0.749403397085
148,0.749423127251
148.5,0.749442231585
149,0.749460728897
149.5,0.749478637472
150,0.749495975081
150.5,0.749512758997
151,0.749529006006
151.5,0.74954473242
152,0.749559954088
152.5,0.749574686409
153,0.749588944343
153.5,0.749602742423
154,0.749616094766
154.5,0.749629015081
155,0.749641516685
155.5,0.749653612508
156,0.749665315107
156.5,0.749676636675
157,0.749687589048
157.5,0.749698183718
158,0.749708431839
158.5,0.749718344242
159,0.749727931434
159.5,0.749737203616
160,0.749746170686
160.5,0.749754842249
161,0.749763227625
161.5,0.749771335858
162,0.749779175718
162.5,0.749786755717
163,0.74979408411
163.5,0.749801168903
164,0.749808017863
164.5,0.749814638522
165,0.749821038181
165.5,0.749827223925
166,0.749833202619
166.5,0.749838980922
167,0.749844565288
167.5,0.749849961973
168,0.749855177044
168.5,0.74986021638
169,0.749865085677
169.5,0.749869790459
170,0.749874336077
170.5,0.749878727716
171,0.749882970402
171.5,0.749887069002
172,0.749891028233
172.5,0.749894852665
173,0.749898546724
173.5,0.749902114697
174,0.749905560738
174.5,0.749908888869
175,0.749912102985
175.5,0.749915206858
176,0.749918204139
176.5,0.749921098364
177,0.749923892944
177.5,0.749926591157
178,0.749929196106
178.5,0.749931710611
179,0.749934136988
179.5,0.749936476615
180,0.749938729206
180.5,0.749940891752
181,0.749942957245
181.5,0.749944913519
182,0.749946742798
182.5,0.749948422587
183,0.749949928353
183.5,0.749951237799
184,0.749952335824
184.5,0.749953218691
185,0.749953895987
185.5,0.749954389627
186,0.749954730226
186.5,0.749954952049
187,0.749955088094
187.5,0.749955166516
188,0.749955208943
188.5,0.74995523046
189,0.74995524068
189.5,0.749955245223
190,0.749955247112
190.5,0.749955247847
191,0.749955248114
191.5,0.749955248205
192,0.749955248234
192.5,0.749955248242
193,0.749955248245
193.5,0.749955248245
194,0.749955248245
194.5,0.749955248245
195,0.749955248245
195.5,0.749955248245
196,0.749955248245
196.5,0.749955248245
197,0.749955248245
197.5,0.749955248245
198,0.749955248245
198.5,0.749955248245
199,0.749955248245
199.5,0.749955248245
200,0.749955248245
200.5,0.749955248245
201,0.749955248245
201.5,0.749955248245
202,0.749955248245
202.5,0.749955248245
203,0.749955248245
203.5,0.749955248245
204,0.749955248245
204.5,0.749955248245
205,0.749955248245
205.5,0.749955248245
206,0.749955248245
206.5,0.749955248245
207,0.749955248245
207.5,0.749955248245
208,0.749955248245
208.5,0.749955248245
209,0.749955248245
209.5,0.749955248245
210,0.749955248245
210.5,0.749955248245
211,0.749955248245
211.5,0.749955248245
212,0.749955248245
212.5,0.749955248245
213,0.749955248245
213.5,0.749955248245
214,0.749955248245
214.5,0.749955248245
215,0.749955248245
215.5,0.749955248245
216,0.749955248245
216.5,0.749955248245
217,0.749955248245
217.5,0.749955248245
218,0.749955248245
218.5,0.749955248245
219,0.749955248245
219.5,0.749955248245
220,0.749955248245
220.5,0.749955248245
221,0.749955248245
221.5,0.749955248245
222,0.749955248245
222.5,0.749955248245
223,0.749955248245
223.5,0.749955248245
224,0.749955248245
224.5,0.749955248245
225,0.749955248245
225.5,0.749955248245
226,0.749955248245
226.5,0.749955248245
227,0.749955248245
227.5,0.749955248245
228,0.749955248245
228.5,0.749955248245
229,0.749955248245
229.5,0.749955248245
230,0.749955248245
230.5,0.749955248245
231,0.749955248245
231.5,0.749955248245
232,0.749955248245
232.5,0.749955248245
233,0.749955248245
233.5,0.749955248245
234,0.749955248245
234.5,0.749955248245
235,0.749955248245
235.5,0.749955248245
236,0.749955248245
236.5,0.749955248245
237,0.749955248245
237.5,0.749955248245
238,0.749955248245
238.5,0.749955248245
239,0.749955248245
239.5,0.749955248245
240,0.749955248245
240.5,0.749955248245
241,0.749955248245
241.5,0.749955248245
242,0.749955248245
242.5,0.749955248245
243,0.749955248245
243.5,0.749955248245
244,0.749955248245
244.5,0.749955248245
245,0.749955248245
245.5,0.749955248245
246,0.749955248245
246.5,0.749955248245
247,0.749955248245
247.5,0.749955248245
248,0.749955248245
248.5,0.749955248245
249,0.749955248245
249.5,0.749955248245
250,0.749955248245
250.5,0.749955248245
251,0.749955248245
251.5,0.749955248245
252,0.749955248245
252.5,0.749955248245
253,0.749955248245
253.5,0.749955248245
254,0.749955248245
254.5,0.749955248245
255,0.749955248245
255.5,0.749955248245
256,0.749955248245
256.5,0.749955248245
257,0.749955248245
257.5,0.749955248245
258,0.749955248245
258.5,0.749955248245
259,0.749955248245
259.5,0.749955248245
260,0.749955248245
260.5,0.749955248245
261,0.749955248245
261.5,0.749955248245
262,0.749955248245
262.5,0.749955248245
263,0.749955248245
263.5,0.749955248245
264,0.749955248245
264.5,0.749955248245
265,0.749955248245
265.5,0.749955248245
266,0.749955248245
266.5,0.749955248245
267,0.749955248245
267.5,0.749955248245
268,0.749955248245
268.5,0.749955248245
269,0.749955248245
269.5,0.749955248245
270,0.749955248245
270.5,0.749955248245
271,0.749955248245
271.5,0.749955248245
272,0.749955248245
272.5,0.749955248245
273,0.749955248245
273.5,0.749955248245
274,0.749955248245
274.5,0.749955248245
275,0.749955248245
275.5,0.749955248245
276,0.749955248245
276.5,0.749955248245
277,0.749955248245
277.5,0.749955248245
278,0.749955248245
278.5,0.749955248245
279,0.749955248245
279.5,0.749955248245
280,0.749955248245
280.5,0.749955248245
281,0.749955248245
281.5,0.749955248245
282,0.749955248245
282.5,0.749955248245
283,0.749955248245
283.5,0.749955248245
284,0.749955248245
284.5,0.749955248245
285,0.749955248245
285.5,0.749955248245
286,0.749955248245
286.5,0.749955248245
287,0.749955248245
287.5,0.749955248245
288,0.749955248245
288.5,0.749955248245
289,0.749955248245
289.5,0.749955248245
290,0.749955248245
290.5,0.749955248245
291,0.749955248245
291.5,0.749955248245
292,0.749955248245
292.5,0.749955248245
293,0.749955248245
293.5,0.749955248245
294,0.749955248245
294.5,0.749955248245
295,0.749955248245
295.5,0.749955248245
296,0.749955248245
296.5,0.749955248245
297,0.749955248245
297.5,0.749955248245
298,0.749955248245
298.5,0.749955248245
299,0.749955248245
299.5,0.749955248245
300,0.749955248245
