t,Result
0,0
0.5,9.99371457269e-32
1,1.21780647177e-24
1.5,5.67980515348e-21
2,1.32276643752e-18
2.5,6.58297549774e-17
3,1.30193047695e-15
3.5,1.41185790591e-14
4,1.01937587756e-13
4.5,5.59987768261e-13
5,2.58237705355e-12
5.5,1.06823651773e-11
6,4.09226301304e-11
6.5,1.45906175883e-10
7,4.81302545836e-10
7.5,1.46161575333e-09
8,4.08474217453e-09
8.5,1.05420027227e-08
9,2.52654991328e-08
9.5,5.65891559022e-08
10,1.1920521148e-07
10.5,2.37579094113e-07
11,4.50441744872e-07
11.5,8.16413421689e-07
12,1.42073436111e-06
12.5,2.38299486107e-06
13,3.86567992558e-06
13.5,6.08327963345e-06
14,9.31167141002e-06
14.5,1.38974570661e-05
15,2.02669357768e-05
15.5,2.89344118746e-05
16,4.05095697113e-05
16.5,5.57036924536e-05
17,7.5334552936e-05
17.5,0.000100329858405
18,0.000131729183618
18.5,0.000170684375582
19,0.000218458456424
19.5,0.000276423087267
20,0.000346054685302
20.5,0.00042892930836
21,0.00052671643687
21.5,0.000641171792633
22,0.000774129338359
22.5,0.000927492602085
23,0.00110322546743
23.5,0.00130334256477
24,0.00152989939073
24.5,0.00178498227413
25,0.00207069829691
25.5,0.00238916526779
26,0.0027425018363
26.5,0.00313281782451
27,0.00356220484342
27.5,0.00403272725206
28,0.00454641350785
28.5,0.00510524794873
29,0.00571116303965
29.5,0.00636603210908
30,0.00707166259457
30.5,0.00782978981062
31,0.00864207124696
31.5,0.00951008140034
32,0.0104353071392
32.5,0.0114191435961
33,0.0124628905815
33.5,0.0135677495057
34,0.0147348207993
34.5,0.0159651018141
35,0.0172594851895
35.5,0.0186187576653
36,0.0200435993225
36.5,0.0215345832301
37,0.0230921754794
37.5,0.024716735582
38,0.026408517211
38.5,0.028167669264
39,0.0299942372249
39.5,0.0318881648032
40,0.0338492958297
40.5,0.0358773763873
41,0.0379720571557
41.5,0.0401328959504
42,0.0423593604362
42.5,0.0446508309962
43,0.0470066037372
43.5,0.0494258936153
44,0.0519078376633
44.5,0.0544514983045
45,0.0570558667374
45.5,0.0597198663757
46,0.0624423563314
46.5,0.0652221349262
47,0.0680579432195
47.5,0.0709484685414
48,0.0738923480202
48.5,0.0768881720928
49,0.0799344879911
49.5,0.0830298031923
50,0.0861725888289
50.5,0.0893612830476
51,0.0925942943126
51.5,0.0958700046463
52,0.0991867728019
52.5,0.102542937363
53,0.105936819768
53.5,0.109366727247
54,0.112830955684
54.5,0.116327792382
55,0.119855518745
55.5,0.123412412864
56,0.12699675201
56.5,0.130606815037
57,0.134240884682
57.5,0.137897249771
58,0.141574207333
58.5,0.145270064611
59,0.148983140981
59.5,0.152711769773
60,0.156454299999
60.5,0.160209097985
61,0.16397454891
61.5,0.167749058258
62,0.171531053172
62.5,0.175318983728
63,0.179111324116
63.5,0.18290657374
64,0.186703258232
64.5,0.190499930392
65,0.194295171038
65.5,0.19808758979
66,0.201875825778
66.5,0.20565854827
67,0.209434457243
67.5,0.213202283875
68,0.216960790984
68.5,0.22070877339
69,0.224445058231
69.5,0.228168505216
70,0.231878006815
70.5,0.23557248841
71,0.239250908384
71.5,0.24291225817
72,0.246555562243
72.5,0.250179878082
73,0.253784296078
73.5,0.257367939409
74,0.260929963877
74.5,0.264469557708
75,0.267985941318
75.5,0.271478367051
76,0.274946118886
76.5,0.278388512112
77,0.281804892985
77.5,0.285194638357
78,0.28855715528
78.5,0.291891880596
79,0.2951982805
79.5,0.298475850095
80,0.301724112921
80.5,0.304942620477
81,0.308130951725
81.5,0.311288712588
82,0.31441553543
82.5,0.317511078531
83,0.320575025555
83.5,0.323607085009
84,0.326606989695
84.5,0.329574496159
85,0.332509384135
85.5,0.335411455989
86,0.338280536155
86.5,0.341116470576
87,0.343919126139
87.5,0.346688390115
88,0.349424169596
88.5,0.35212639094
89,0.354794999207
89.5,0.35742995761
90,0.360031246964
90.5,0.362598865135
91,0.365132826503
91.5,0.367633161422
92,0.370099915688
92.5,0.372533150014
93,0.374932939509
93.5,0.377299373163
94,0.379632553344
94.5,0.381932595294
95,0.384199626641
95.5,0.38643378691
96,0.388635227049
96.5,0.390804108956
97,0.392940605024
97.5,0.395044897683
98,0.397117178959
98.5,0.399157650036
99,0.40116652083
99.5,0.403144009571
100,0.405090342395
100.5,0.407005752938
101,0.40889048195
101.5,0.41074477691
102,0.412568891649
102.5,0.41436308599
103,0.416127625388
103.5,0.417862780583
104,0.419568827265
104.5,0.421246045738
105,0.422894720605
105.5,0.42451514045
106,0.426107597541
106.5,0.427672387527
107,0.429209809159
107.5,0.430720164005
108,0.432203756184
108.5,0.433660892104
109,0.435091880204
109.5,0.436497030713
110,0.437876655412
110.5,0.439231067398
111,0.44056058087
111.5,0.441865510905
112,0.443146173257
112.5,0.444402884154
113,0.445635960106
113.5,0.446845717716
114,0.448032473504
114.5,0.449196543732
115,0.45033824424
115.5,0.451457890286
116,0.452555796389
116.5,0.453632276191
117,0.454687642307
117.5,0.455722206197
118,0.456736278031
118.5,0.457730166573
119,0.458704179055
119.5,0.459658621072
120,0.460593796472
120.5,0.461510007253
121,0.462407553469
121.5,0.463286733135
122,0.464147842144
122.5,0.46499117418
123,0.465817020644
123.5,0.466625670578
124,0.467417410599
124.5,0.468192524829
125,0.46895129484
125.5,0.469693999591
126,0.47042091538
126.5,0.471132315791
127,0.47182847165
127.5,0.472509650982
128,0.473176118971
128.5,0.473828137927
129,0.474465967249
129.5,0.475089863399
130,0.475700079875
130.5,0.476296867185
131,0.476880472827
131.5,0.477451141273
132,0.478009113949
132.5,0.478554629225
133,0.479087922402
133.5,0.479609225705
134,0.480118768275
134.5,0.480616776165
135,0.481103472337
135.5,0.481579076666
136,0.482043805933
136.5,0.482497873839
137,0.482941490998
137.5,0.483374864957
138,0.483798200191
138.5,0.484211698124
139,0.484615557132
139.5,0.485009972561
140,0.485395136739
140.5,0.485771238989
141,0.486138465649
141.5,0.486497000088
142,0.486847022724
142.5,0.487188711045
143,0.487522239626
143.5,0.487847780157
144,0.488165501458
144.5,0.488475569507
145,0.488778147462
145.5,0.489073395686
146,0.489361471773
146.5,0.489642530571
147,0.489916724213
147.5,0.49018420214
148,0.490445111131
148.5,0.490699595328
149,0.49094779627
149.5,0.491189852915
150,0.491425901673
150.5,0.491656076436
151,0.491880508606
151.5,0.492099327123
152,0.492312658502
152.5,0.492520626856
153,0.492723353931
153.5,0.492920959134
154,0.493113559567
154.5,0.493301270056
155,0.493484203181
155.5,0.493662469308
156,0.493836176623
156.5,0.494005431157
157,0.494170336822
157.5,0.494330995441
158,0.494487506778
158.5,0.494639968569
159,0.494788476553
159.5,0.494933124503
160,0.495074004256
160.5,0.495211205744
161,0.495344817025
161.5,0.495474924311
162,0.495601611999
162.5,0.495724962703
163,0.495845057279
163.5,0.495961974857
164,0.496075792873
164.5,0.496186587091
165,0.496294431637
165.5,0.496399399028
166,0.496501560194
166.5,0.496600984515
167,0.496697739841
167.5,0.496791892521
168,0.496883507433
168.5,0.49697264801
169,0.497059376264
169.5,0.497143752814
170,0.497225836911
170.5,0.497305686467
171,0.497383358075
171.5,0.497458907039
172,0.497532387394
172.5,0.497603851936
173,0.49767335224
173.5,0.497740938688
174,0.497806660493
174.5,0.497870565717
175,0.4979327013
175.5,0.497993113078
176,0.498051845808
176.5,0.498108943187
177,0.498164447878
177.5,0.498218401527
178,0.498270844784
178.5,0.498321817328
179,0.498371357881
179.5,0.498419504234
180,0.498466293261
180.5,0.498511760945
181,0.49855594239
181.5,0.498598871842
182,0.498640582712
182.5,0.498681107588
183,0.498720478253
183.5,0.498758725709
184,0.498795880186
184.5,0.498831971165
185,0.498867027389
185.5,0.498901076886
186,0.498934146979
186.5,0.498966264305
187,0.498997454829
187.5,0.499027743859
188,0.499057156063
188.5,0.499085715481
189,0.499113445541
189.5,0.499140369071
190,0.499166508315
190.5,0.499191884945
191,0.499216520077
191.5,0.499240434279
192,0.499263647587
192.5,0.49928617952
193,0.499308049084
193.5,0.499329274795
194,0.49934987468
194.5,0.499369866297
195,0.49938926674
195.5,0.499408092655
196,0.499426360247
196.5,0.499444085294
197,0.499461283154
197.5,0.499477968777
198,0.499494156714
198.5,0.49950986113
199,0.499525095807
199.5,0.499539874161
200,0.499554209244
200.5,0.499568113759
201,0.499581600064
201.5,0.499594680184
202,0.499607365817
202.5,0.499619668342
203,0.499631598831
203.5,0.49964316805
204,0.499654386474
204.5,0.499665264289
205,0.499675811401
205.5,0.499686037443
206,0.499695951785
206.5,0.499705563534
207,0.499714881549
207.5,0.499723914439
208,0.499732670578
208.5,0.499741158103
209,0.499749384925
209.5,0.499757358735
210,0.499765087007
210.5,0.499772577006
211,0.499779835792
211.5,0.499786870227
212,0.499793686978
212.5,0.499800292524
213,0.499806693162
213.5,0.499812895007
214,0.499818904002
214.5,0.499824725921
215,0.499830366373
215.5,0.499835830805
216,0.49984112451
216.5,0.499846252628
217,0.499851220152
217.5,0.49985603193
218,0.499860692672
218.5,0.49986520695
219,0.499869579204
219.5,0.499873813746
220,0.499877914764
220.5,0.49988188632
221,0.499885732363
221.5,0.499889456722
222,0.499893063116
222.5,0.499896555157
223,0.499899936348
223.5,0.49990321009
224,0.499906379685
224.5,0.499909448337
225,0.499912419154
225.5,0.499915295153
226,0.499918079258
226.5,0.4999207743
227,0.499923383009
227.5,0.499925907985
228,0.49992835165
228.5,0.499930716132
229,0.499933003066
229.5,0.499935213245
230,0.49993734612
230.5,0.499939399122
231,0.499941366915
231.5,0.499943240744
232,0.499945008159
232.5,0.499946653428
233,0.499948158855
233.5,0.499949506996
234,0.499950683478
234.5,0.499951679822
235,0.499952495549
235.5,0.499953138988
236,0.499953626517
236.5,0.499953980446
237,0.499954226099
237.5,0.499954388818
238,0.499954491531
238.5,0.499954553242
239,0.499954588495
239.5,0.49995460763
240,0.499954617492
240.5,0.499954622315
241,0.499954624553
241.5,0.499954625538
242,0.499954625948
242.5,0.499954626111
243,0.499954626172
243.5,0.499954626193
244,0.499954626201
244.5,0.499954626203
245,0.499954626204
245.5,0.499954626204
246,0.499954626204
246.5,0.499954626204
247,0.499954626204
247.5,0.499954626204
248,0.499954626204
248.5,0.499954626204
249,0.499954626204
249.5,0.499954626204
250,0.499954626204
250.5,0.499954626204
251,0.499954626204
251.5,0.499954626204
252,0.499954626204
252.5,0.499954626204
253,0.499954626204
253.5,0.499954626204
254,0.499954626204
254.5,0.499954626204
255,0.499954626204
255.5,0.499954626204
256,0.499954626204
256.5,0.499954626204
257,0.499954626204
257.5,0.499954626204
258,0.499954626204
258.5,0.499954626204
259,0.499954626204
259.5,0.499954626204
260,0.499954626204
260.5,0.499954626204
261,0.499954626204
261.5,0.499954626204
262,0.499954626204
262.5,0.499954626204
263,0.499954626204
263.5,0.499954626204
264,0.499954626204
264.5,0.499954626204
265,0.499954626204
265.5,0.499954626204
266,0.499954626204
266.5,0.499954626204
267,0.499954626204
267.5,0.499954626204
268,0.499954626204
268.5,0.499954626204
269,0.499954626204
269.5,0.499954626204
270,0.499954626204
270.5,0.499954626204
271,0.499954626204
271.5,0.499954626204
272,0.499954626204
272.5,0.499954626204
273,0.499954626204
273.5,0.499954626204
274,0.499954626204
274.5,0.499954626204
275,0.499954626204
275.5,0.499954626204
276,0.499954626204
276.5,0.499954626204
277,0.499954626204
277.5,0.499954626204
278,0.499954626204
278.5,0.499954626204
279,0.499954626204
279.5,0.499954626204
280,0.499954626204
280.5,0.499954626204
281,0.499954626204
281.5,0.499954626204
282,0.499954626204
282.5,0.499954626204
283,0.499954626204
283.5,0.499954626204
284,0.499954626204
284.5,0.499954626204
285,0.499954626204
285.5,0.499954626204
286,0.499954626204
286.5,0.499954626204
287,0.499954626204
287.5,0.499954626204
288,0.499954626204
288.5,0.499954626204
289,0.499954626204
289.5,0.499954626204
290,0.499954626204
290.5,0.499954626204
291,0.499954626204
291.5,0.499954626204
292,0.499954626204
292.5,0.499954626204
293,0.499954626204
293.5,0.499954626204
294,0.499954626204
294.5,0.499954626204
295,0.499954626204
295.5,0.499954626204
296,0.499954626204
296.5,0.499954626204
297,0.499954626204
297.5,0.499954626204
298,0.499954626204
298.5,0.499954626204
299,0.499954626204
299.5,0.499954626204
300,0.499954626204
