t,Result
0,0
0.5,1.40353339578e-06
1,1.44185202216e-05
1.5,6.12252510091e-05
2,0.000174159163995
2.5,0.000392093444886
3,0.000757182093455
3.5,0.00131246030315
4,0.0021001548052
4.5,0.00316048347551
5,0.00453077832808
5.5,0.0062448302122
6,0.00833241389087
6.5,0.0108189635934
7,0.0137253953827
7.5,0.0170680624104
8,0.0208588277565
8.5,0.0251052350151
9,0.0298107547031
9.5,0.0349750847101
10,0.0405944848792
10.5,0.0466621287169
11,0.0531684585601
11.5,0.0601015338108
12,0.0674473648132
12.5,0.075190227443
13,0.0833129554762
13.5,0.0917972093253
14,0.100623720841
14.5,0.109772514643
15,0.119223106957
15.5,0.128954683222
16,0.138946255911
16.5,0.149176804058
17,0.159625395973
17.5,0.170271296584
18,0.181094060781
18.5,0.192073614019
19,0.203190321385
19.5,0.214425046212
20,0.225759199253
20.5,0.237174779347
21,0.248654406405
21.5,0.260181347521
22,0.271739536889
22.5,0.283313590205
23,0.294888814127
23.5,0.30645121135
24,0.317987481789
24.5,0.329485020324
25,0.34093191152
25.5,0.352316921707
26,0.363629488755
26.5,0.374859709863
27,0.385998327646
27.5,0.397036714776
28,0.407966857416
28.5,0.41878133765
29,0.429473315113
29.5,0.440036507982
30,0.450465173486
30.5,0.460754088075
31,0.470898527378
31.5,0.480894246044
32,0.490737457588
32.5,0.500424814303
33,0.509953387336
33.5,0.519320646989
34,0.528524443291
34.5,0.537562986918
35,0.546434830475
35.5,0.555138850199
36,0.563674228104
36.5,0.572040434602
37,0.580237211605
37.5,0.588264556143
38,0.596122704503
38.5,0.603812116893
39,0.611333462649
39.5,0.618687605975
40,0.625875592227
40.5,0.632898634733
41,0.639758102152
41.5,0.64645550636
42,0.652992490857
42.5,0.659370819695
43,0.665592366904
43.5,0.671659106423
44,0.677573102505
44.5,0.683336500603
45,0.688951518711
45.5,0.694420439159
46,0.699745600833
46.5,0.704929391824
47,0.709974242486
47.5,0.714882618875
48,0.719657016585
48.5,0.724299954938
49,0.728813971534
49.5,0.733201617132
50,0.737465450867
50.5,0.74160803577
51,0.745631934592
51.5,0.749539705914
52,0.753333900533
52.5,0.757017058101
53,0.760591704025
53.5,0.764060346598
54,0.76742547436
54.5,0.770689553671
55,0.773855026488
55.5,0.776924308349
56,0.779899786519
56.5,0.782783818334
57,0.785578729694
57.5,0.788286813722
58,0.790910329562
58.5,0.793451501326
59,0.795912517166
59.5,0.79829552847
60,0.800602649175
60.5,0.802835955192
61,0.804997483927
61.5,0.807089233904
62,0.809113164473
62.5,0.811071195606
63,0.812965207764
63.5,0.814797041847
64,0.816568499201
64.5,0.818281341692
65,0.819937291841
65.5,0.821538033009
66,0.823085209629
66.5,0.82458042749
67,0.826025254053
67.5,0.827421218819
68,0.828769813716
68.5,0.830072493528
69,0.831330676351
69.5,0.832545744067
70,0.833719042853
70.5,0.834851883701
71,0.83594554296
71.5,0.837001262893
72,0.838020252245
72.5,0.83900368683
73,0.83995271012
73.5,0.840868433848
74,0.84175193861
74.5,0.842604274484
75,0.843426461641
75.5,0.844219490964
76,0.844984324669
76.5,0.845721896923
77,0.846433114464
77.5,0.847118857214
78,0.847779978898
78.5,0.84841730765
79,0.84903164662
79.5,0.849623774578
80,0.850194446502
80.5,0.850744394174
81,0.851274326758
81.5,0.851784931378
82,0.852276873682
82.5,0.852750798405
83,0.853207329917
83.5,0.853647072768
84,0.85407061222
84.5,0.854478514772
85,0.854871328679
85.5,0.855249584451
86,0.855613795357
86.5,0.855964457905
87,0.856302052326
87.5,0.856627043036
88,0.856939879096
88.5,0.857240994662
89,0.857530809417
89.5,0.857809729006
90,0.85807814545
90.5,0.858336437556
91,0.858584971319
91.5,0.858824100306
92,0.859054166041
92.5,0.859275498373
93,0.85948841584
93.5,0.859693226018
94,0.859890225867
94.5,0.860079702062
95,0.860261931325
95.5,0.860437180732
96,0.86060570803
96.5,0.860767761934
97,0.860923582415
97.5,0.86107340099
98,0.861217440991
98.5,0.861355917839
99,0.861489039299
99.5,0.861617005735
100,0.861740010355
100.5,0.861858239452
101,0.861971872628
101.5,0.862081083025
102,0.862186037541
102.5,0.862286897038
103,0.862383816551
103.5,0.862476945483
104,0.8625664278
104.5,0.862652402214
105,0.862735002369
105.5,0.862814357009
106,0.862890590154
106.5,0.862963821258
107,0.863034165375
107.5,0.863101733305
108,0.863166631751
108.5,0.863228963456
109,0.863288827346
109.5,0.863346318665
110,0.863401529104
110.5,0.863454546929
111,0.863505457101
111.5,0.863554341396
112,0.863601278517
112.5,0.863646344207
113,0.863689611353
113.5,0.863731150089
114,0.8637710279
114.5,0.863809309711
115,0.863846057985
115.5,0.863881332811
116,0.863915191992
116.5,0.863947691127
117,0.86397888369
117.5,0.864008821113
118,0.864037552858
118.5,0.864065126489
119,0.864091587745
119.5,0.864116980604
120,0.864141347353
120.5,0.864164728644
121,0.864187163562
121.5,0.864208689681
122,0.864229343116
122.5,0.864249158587
123,0.864268169461
123.5,0.864286407811
124,0.86430390446
124.5,0.864320689031
125,0.864336789989
125.5,0.864352234688
126,0.864367049413
126.5,0.864381259417
127,0.864394888965
127.5,0.864407961368
128,0.864420499022
128.5,0.864432523441
129,0.864444055291
129.5,0.864455114424
130,0.864465719907
130.5,0.864475890056
131,0.864485642459
131.5,0.86449499401
132,0.864503960932
132.5,0.864512558803
133,0.864520802585
133.5,0.864528706642
134,0.864536284767
134.5,0.864543550205
135,0.864550515671
135.5,0.864557193371
136,0.864563595027
136.5,0.864569731888
137,0.864575614755
137.5,0.864581253996
138,0.864586659561
138.5,0.864591841004
139,0.864596807491
139.5,0.864601567822
140,0.864606130442
140.5,0.864610503456
141,0.864614694641
141.5,0.864618711461
142,0.864622561079
142.5,0.864626250366
143,0.864629785917
143.5,0.864633174061
144,0.864636420867
144.5,0.864639532161
145,0.86464251353
145.5,0.864645370336
146,0.864648107722
146.5,0.864650730622
147,0.864653243768
147.5,0.864655651701
148,0.864657958776
148.5,0.864660169169
149,0.864662286887
149.5,0.864664315772
150,0.864666259511
150.5,0.864668121638
151,0.864669905543
151.5,0.864671614476
152,0.864673251555
152.5,0.86467481977
153,0.864676321987
153.5,0.864677760956
154,0.864679139311
154.5,0.864680459582
155,0.86468172419
155.5,0.86468293546
156,0.864684095618
156.5,0.864685206801
157,0.864686271055
157.5,0.864687290345
158,0.864688266551
158.5,0.864689201478
159,0.864690096854
159.5,0.864690954337
160,0.864691775517
160.5,0.864692561916
161,0.864693314993
161.5,0.864694036149
162,0.864694726725
162.5,0.864695388005
163,0.864696021221
163.5,0.864696627555
164,0.864697208137
164.5,0.864697764052
165,0.86469829634
165.5,0.864698805995
166,0.864699293973
166.5,0.864699761188
167,0.864700208515
167.5,0.864700636795
168,0.864701046833
168.5,0.864701439398
169,0.86470181523
169.5,0.864702175036
170,0.864702519494
170.5,0.864702849255
171,0.864703164939
171.5,0.864703467144
172,0.864703756441
172.5,0.864704033377
173,0.864704298476
173.5,0.864704552241
174,0.864704795152
174.5,0.86470502767
175,0.864705250238
175.5,0.864705463276
176,0.864705667192
176.5,0.864705862372
177,0.864706049189
177.5,0.864706227997
178,0.864706399139
178.5,0.86470656294
179,0.864706719714
179.5,0.86470686976
180,0.864707013364
180.5,0.864707150801
181,0.864707282335
181.5,0.864707408217
182,0.864707528689
182.5,0.864707643981
183,0.864707754315
183.5,0.864707859901
184,0.864707960936
184.5,0.864708057598
185,0.864708150024
185.5,0.864708238265
186,0.86470832222
186.5,0.864708401524
187,0.864708475456
187.5,0.864708542913
188,0.864708602537
188.5,0.864708653019
189,0.864708693507
189.5,0.864708723959
190,0.864708745247
190.5,0.864708758983
191,0.864708767116
191.5,0.864708771514
192,0.86470877368
192.5,0.864708774649
193,0.864708775041
193.5,0.864708775185
194,0.864708775233
194.5,0.864708775247
195,0.864708775251
195.5,0.864708775252
196,0.864708775252
196.5,0.864708775252
197,0.864708775252
197.5,0.864708775252
198,0.864708775252
198.5,0.864708775252
199,0.864708775252
199.5,0.864708775252
200,0.864708775252
200.5,0.864708775252
201,0.864708775252
201.5,0.864708775252
202,0.864708775252
202.5,0.864708775252
203,0.864708775252
203.5,0.864708775252
204,0.864708775252
204.5,0.864708775252
205,0.864708775252
205.5,0.864708775252
206,0.864708775252
206.5,0.864708775252
207,0.864708775252
207.5,0.864708775252
208,0.864708775252
208.5,0.864708775252
209,0.864708775252
209.5,0.864708775252
210,0.864708775252
210.5,0.864708775252
211,0.864708775252
211.5,0.864708775252
212,0.864708775252
212.5,0.864708775252
213,0.864708775252
213.5,0.864708775252
214,0.864708775252
214.5,0.864708775252
215,0.864708775252
215.5,0.864708775252
216,0.864708775252
216.5,0.864708775252
217,0.864708775252
217.5,0.864708775252
218,0.864708775252
218.5,0.864708775252
219,0.864708775252
219.5,0.864708775252
220,0.864708775252
220.5,0.864708775252
221,0.864708775252
221.5,0.864708775252
222,0.864708775252
222.5,0.864708775252
223,0.864708775252
223.5,0.864708775252
224,0.864708775252
224.5,0.864708775252
225,0.864708775252
225.5,0.864708775252
226,0.864708775252
226.5,0.864708775252
227,0.864708775252
227.5,0.864708775252
228,0.864708775252
228.5,0.864708775252
229,0.864708775252
229.5,0.864708775252
230,0.864708775252
230.5,0.864708775252
231,0.864708775252
231.5,0.864708775252
232,0.864708775252
232.5,0.864708775252
233,0.864708775252
233.5,0.864708775252
234,0.864708775252
234.5,0.864708775252
235,0.864708775252
235.5,0.864708775252
236,0.864708775252
236.5,0.864708775252
237,0.864708775252
237.5,0.864708775252
238,0.864708775252
238.5,0.864708775252
239,0.864708775252
239.5,0.864708775252
240,0.864708775252
240.5,0.864708775252
241,0.864708775252
241.5,0.864708775252
242,0.864708775252
242.5,0.864708775252
243,0.864708775252
243.5,0.864708775252
244,0.864708775252
244.5,0.864708775252
245,0.864708775252
245.5,0.864708775252
246,0.864708775252
246.5,0.864708775252
247,0.864708775252
247.5,0.864708775252
248,0.864708775252
248.5,0.864708775252
249,0.864708775252
249.5,0.864708775252
250,0.864708775252
250.5,0.864708775252
251,0.864708775252
251.5,0.864708775252
252,0.864708775252
252.5,0.864708775252
253,0.864708775252
253.5,0.864708775252
254,0.864708775252
254.5,0.864708775252
255,0.864708775252
255.5,0.864708775252
256,0.864708775252
256.5,0.864708775252
257,0.864708775252
257.5,0.864708775252
258,0.864708775252
258.5,0.864708775252
259,0.864708775252
259.5,0.864708775252
260,0.864708775252
260.5,0.864708775252
261,0.864708775252
261.5,0.864708775252
262,0.864708775252
262.5,0.864708775252
263,0.864708775252
263.5,0.864708775252
264,0.864708775252
264.5,0.864708775252
265,0.864708775252
265.5,0.864708775252
266,0.864708775252
266.5,0.864708775252
267,0.864708775252
267.5,0.864708775252
268,0.864708775252
268.5,0.864708775252
269,0.864708775252
269.5,0.864708775252
270,0.864708775252
270.5,0.864708775252
271,0.864708775252
271.5,0.864708775252
272,0.864708775252
272.5,0.864708775252
273,0.864708775252
273.5,0.864708775252
274,0.864708775252
274.5,0.864708775252
275,0.864708775252
275.5,0.864708775252
276,0.864708775252
276.5,0.864708775252
277,0.864708775252
277.5,0.864708775252
278,0.864708775252
278.5,0.864708775252
279,0.864708775252
279.5,0.864708775252
280,0.864708775252
280.5,0.864708775252
281,0.864708775252
281.5,0.864708775252
282,0.864708775252
282.5,0.864708775252
283,0.864708775252
283.5,0.864708775252
284,0.864708775252
284.5,0.864708775252
285,0.864708775252
285.5,0.864708775252
286,0.864708775252
286.5,0.864708775252
287,0.864708775252
287.5,0.864708775252
288,0.864708775252
288.5,0.864708775252
289,0.864708775252
289.5,0.864708775252
290,0.864708775252
290.5,0.864708775252
291,0.864708775252
291.5,0.864708775252
292,0.864708775252
292.5,0.864708775252
293,0.864708775252
293.5,0.864708775252
294,0.864708775252
294.5,0.864708775252
295,0.864708775252
295.5,0.864708775252
296,0.864708775252
296.5,0.864708775252
297,0.864708775252
297.5,0.864708775252
298,0.864708775252
298.5,0.864708775252
299,0.864708775252
299.5,0.864708775252
300,0.864708775252
